4.50000E+00 1.22595E-02 3.64594E+02 1.29954E+01 4.94898E+02 4.53028E+04 4.60080E+03 1.00424E+01 7.22635E+02 5.42970E+02 1.11436E+00 
4.60482E+00 8.42721E-03 2.46272E+02 8.79666E+00 3.16381E+02 3.05561E+04 3.18149E+03 7.02398E+00 5.29101E+02 3.38019E+02 7.62609E-01 
4.71208E+00 6.12028E-03 1.77738E+02 6.31532E+00 2.33539E+02 2.17302E+04 2.32286E+03 5.18863E+00 3.70217E+02 2.41838E+02 5.51221E-01 
4.82184E+00 4.65263E-03 1.36414E+02 4.76288E+00 1.79497E+02 1.62222E+04 1.78080E+03 4.01061E+00 2.62186E+02 1.81856E+02 4.16927E-01 
4.93415E+00 3.66675E-03 1.03913E+02 3.73382E+00 1.42724E+02 1.26041E+04 1.42107E+03 3.21313E+00 2.04774E+02 1.42007E+02 3.26870E-01 
5.04908E+00 2.97100E-03 8.33715E+01 3.01391E+00 1.15370E+02 1.00621E+04 1.16589E+03 2.64624E+00 1.64435E+02 1.13056E+02 2.63449E-01 
5.16669E+00 2.46027E-03 6.82551E+01 2.48865E+00 9.80210E+01 8.21477E+03 9.78216E+02 2.22723E+00 1.35041E+02 9.24799E+01 2.17001E-01 
5.28704E+00 2.07429E-03 5.68713E+01 2.09323E+00 8.28548E+01 6.83903E+03 8.36931E+02 1.90837E+00 1.13091E+02 7.78207E+01 1.81974E-01 
5.41019E+00 1.77623E-03 4.81138E+01 1.78895E+00 7.21718E+01 5.77641E+03 7.26757E+02 1.66051E+00 9.61285E+01 6.65518E+01 1.54972E-01 
5.53621E+00 1.54178E-03 4.12456E+01 1.55046E+00 6.32564E+01 4.94507E+03 6.39791E+02 1.46432E+00 8.28401E+01 5.75038E+01 1.33760E-01 
5.66516E+00 1.35385E-03 3.57591E+01 1.35987E+00 5.60550E+01 4.28685E+03 5.70347E+02 1.30612E+00 7.22931E+01 5.01115E+01 1.16780E-01 
5.79712E+00 1.20055E-03 3.13001E+01 1.20474E+00 5.01312E+01 3.74969E+03 5.13189E+02 1.17636E+00 6.36804E+01 4.40742E+01 1.02952E-01 
5.93216E+00 1.07362E-03 2.76226E+01 1.07653E+00 4.52178E+01 3.30660E+03 4.65638E+02 1.06833E+00 5.65673E+01 3.91570E+01 9.15221E-02 
6.07033E+00 9.67212E-04 2.45530E+01 9.69210E-01 4.10692E+01 2.93913E+03 4.25836E+02 9.77296E-01 5.06478E+01 3.50408E+01 8.19571E-02 
6.21173E+00 8.77070E-04 2.19593E+01 8.78408E-01 3.75319E+01 2.62831E+03 3.91881E+02 8.99782E-01 4.56277E+01 3.15574E+01 7.38675E-02 
6.35642E+00 8.00016E-04 1.97535E+01 8.00889E-01 3.44979E+01 2.36311E+03 3.62697E+02 8.33199E-01 4.13549E+01 2.85964E+01 6.69631E-02 
6.50448E+00 7.33583E-04 1.78574E+01 7.34124E-01 3.18632E+01 2.13637E+03 3.37537E+02 7.75521E-01 3.76845E+01 2.60459E+01 6.10193E-02 
6.65599E+00 6.75855E-04 1.62157E+01 6.76161E-01 2.95611E+01 1.93998E+03 3.15564E+02 7.25173E-01 3.44988E+01 2.38329E+01 5.58621E-02 
6.81103E+00 6.25350E-04 1.47848E+01 6.25485E-01 2.75349E+01 1.76840E+03 2.96237E+02 6.80930E-01 3.17140E+01 2.19051E+01 5.13567E-02 
6.96967E+00 5.80905E-04 1.35291E+01 5.80920E-01 2.57413E+01 1.61835E+03 2.79212E+02 6.41831E-01 2.92724E+01 2.02089E+01 4.73969E-02 
7.13202E+00 5.41604E-04 1.24220E+01 5.41533E-01 2.41443E+01 1.48614E+03 2.64101E+02 6.07116E-01 2.71149E+01 1.87117E+01 4.38987E-02 
7.29815E+00 5.06705E-04 1.14414E+01 5.06578E-01 2.27176E+01 1.36870E+03 2.50611E+02 5.76171E-01 2.52015E+01 1.73839E+01 4.07942E-02 
7.46814E+00 4.75601E-04 1.05682E+01 4.75441E-01 2.14441E+01 1.26443E+03 2.38581E+02 5.48492E-01 2.34972E+01 1.62012E+01 3.80278E-02 
7.64210E+00 4.47778E-04 9.78806E+00 4.47605E-01 2.02786E+01 1.17138E+03 2.27797E+02 5.23649E-01 2.19746E+01 1.51434E+01 3.55526E-02 
7.82010E+00 4.22799E-04 9.08798E+00 4.22629E-01 1.92321E+01 1.08763E+03 2.18065E+02 5.01276E-01 2.06050E+01 1.41937E+01 3.33293E-02 
8.00226E+00 4.00289E-04 8.45731E+00 4.00135E-01 1.82803E+01 1.01235E+03 2.09298E+02 4.81060E-01 1.93726E+01 1.33378E+01 3.13245E-02 
8.18865E+00 3.79931E-04 7.88717E+00 3.79804E-01 1.74122E+01 9.44416E+02 2.01369E+02 4.62734E-01 1.82578E+01 1.25633E+01 2.95100E-02 
8.37939E+00 3.61454E-04 7.36957E+00 3.61362E-01 1.66166E+01 8.82569E+02 1.94138E+02 4.46065E-01 1.72455E+01 1.18601E+01 2.78617E-02 
8.57457E+00 3.44629E-04 6.89853E+00 3.44576E-01 1.58861E+01 8.26377E+02 1.87560E+02 4.30858E-01 1.63233E+01 1.12193E+01 2.63592E-02 
8.77430E+00 3.29266E-04 6.46850E+00 3.29257E-01 1.52131E+01 7.75164E+02 1.81563E+02 4.16956E-01 1.54813E+01 1.06337E+01 2.49859E-02 
8.97868E+00 3.15204E-04 6.07471E+00 3.15241E-01 1.45898E+01 7.28143E+02 1.76055E+02 4.04211E-01 1.47087E+01 1.00970E+01 2.37268E-02 
9.18782E+00 3.02303E-04 5.71326E+00 3.02391E-01 1.40126E+01 6.85042E+02 1.71008E+02 3.92510E-01 1.39998E+01 9.60384E+00 2.25697E-02 
9.40183E+00 2.90441E-04 5.38066E+00 2.90582E-01 1.34764E+01 6.45444E+02 1.66381E+02 3.81744E-01 1.33470E+01 9.14965E+00 2.15037E-02 
9.62083E+00 2.79510E-04 5.07389E+00 2.79707E-01 1.29767E+01 6.08867E+02 1.62114E+02 3.71821E-01 1.27445E+01 8.72967E+00 2.05190E-02 
9.84493E+00 2.69413E-04 4.79033E+00 2.69668E-01 1.25102E+01 5.75053E+02 1.58176E+02 3.62657E-01 1.21872E+01 8.34231E+00 1.96074E-02 
1.00742E+01 2.60067E-04 4.52767E+00 2.60382E-01 1.20738E+01 5.43801E+02 1.54550E+02 3.54177E-01 1.16703E+01 7.98193E+00 1.87615E-02 
1.03089E+01 2.51397E-04 4.28388E+00 2.51773E-01 1.16639E+01 5.14739E+02 1.51188E+02 3.46317E-01 1.11898E+01 7.64763E+00 1.79748E-02 
1.05490E+01 2.43338E-04 4.05720E+00 2.43776E-01 1.12790E+01 4.87742E+02 1.48074E+02 3.39020E-01 1.07427E+01 7.33454E+00 1.72416E-02 
1.07947E+01 2.35831E-04 3.84604E+00 2.36333E-01 1.09166E+01 4.62599E+02 1.45186E+02 3.32234E-01 1.03254E+01 7.04285E+00 1.65569E-02 
1.10462E+01 2.28826E-04 3.64904E+00 2.29393E-01 1.05748E+01 4.39143E+02 1.42504E+02 3.25915E-01 9.93534E+00 6.77109E+00 1.59164E-02 
1.13035E+01 2.22280E-04 3.46498E+00 2.22912E-01 1.02513E+01 4.17227E+02 1.40009E+02 3.20023E-01 9.57031E+00 6.51593E+00 1.53160E-02 
1.15668E+01 2.16152E-04 3.29277E+00 2.16850E-01 9.94525E+00 3.96726E+02 1.37687E+02 3.14525E-01 9.22738E+00 6.27621E+00 1.47525E-02 
1.18362E+01 2.10407E-04 3.13141E+00 2.11172E-01 9.65553E+00 3.77521E+02 1.35526E+02 3.09387E-01 8.90563E+00 6.05095E+00 1.42226E-02 
1.21119E+01 2.05015E-04 2.98010E+00 2.05848E-01 9.38059E+00 3.59510E+02 1.33512E+02 3.04585E-01 8.60302E+00 5.83891E+00 1.37238E-02 
1.23940E+01 1.99948E-04 2.83800E+00 2.00848E-01 9.11935E+00 3.42595E+02 1.31634E+02 3.00091E-01 8.31795E+00 5.63897E+00 1.32535E-02 
1.26827E+01 1.95180E-04 2.70443E+00 1.96149E-01 8.87069E+00 3.26697E+02 1.29885E+02 2.95884E-01 8.04876E+00 5.45026E+00 1.28095E-02 
1.29781E+01 1.90689E-04 2.57874E+00 1.91728E-01 8.63397E+00 3.11740E+02 1.28254E+02 2.91944E-01 7.79462E+00 5.27192E+00 1.23898E-02 
1.32804E+01 1.86455E-04 2.46037E+00 1.87564E-01 8.40854E+00 2.97653E+02 1.26733E+02 2.88253E-01 7.55505E+00 5.10316E+00 1.19926E-02 
1.35898E+01 1.82459E-04 2.34880E+00 1.83639E-01 8.19345E+00 2.84375E+02 1.25317E+02 2.84796E-01 7.32871E+00 4.94333E+00 1.16165E-02 
1.39063E+01 1.78685E-04 2.24355E+00 1.79937E-01 7.98814E+00 2.71850E+02 1.23999E+02 2.81556E-01 7.11431E+00 4.79177E+00 1.12597E-02 
1.42302E+01 1.75118E-04 2.14418E+00 1.76443E-01 7.79198E+00 2.60025E+02 1.22772E+02 2.78522E-01 6.91071E+00 4.64794E+00 1.09211E-02 
1.45617E+01 1.71744E-04 2.05032E+00 1.73143E-01 7.60421E+00 2.48854E+02 1.21633E+02 2.75682E-01 6.71695E+00 4.51132E+00 1.05995E-02 
1.49009E+01 1.68551E-04 1.96161E+00 1.70025E-01 7.42543E+00 2.38297E+02 1.20577E+02 2.73025E-01 6.53298E+00 4.38141E+00 1.02937E-02 
1.52480E+01 1.65528E-04 1.87776E+00 1.67077E-01 7.25292E+00 2.28314E+02 1.19599E+02 2.70544E-01 6.35898E+00 4.25784E+00 1.00028E-02 
1.56032E+01 1.62665E-04 1.79853E+00 1.64291E-01 7.09145E+00 2.18881E+02 1.18697E+02 2.68232E-01 6.19413E+00 4.14027E+00 9.72595E-03 
1.59666E+01 1.59953E-04 1.72378E+00 1.61656E-01 6.93544E+00 2.09976E+02 1.17870E+02 2.66090E-01 6.03737E+00 4.02838E+00 9.46261E-03 
1.63385E+01 1.57386E-04 1.65339E+00 1.59166E-01 6.78836E+00 2.01588E+02 1.17118E+02 2.64117E-01 5.88804E+00 3.92201E+00 9.21226E-03 
1.67191E+01 1.54955E-04 1.58729E+00 1.56814E-01 6.64975E+00 1.93703E+02 1.16441E+02 2.62320E-01 5.74595E+00 3.82098E+00 8.97451E-03 
1.71085E+01 1.52657E-04 1.52538E+00 1.54593E-01 6.52055E+00 1.86313E+02 1.15841E+02 2.60703E-01 5.61129E+00 3.72515E+00 8.74904E-03 
1.75070E+01 1.50485E-04 1.46753E+00 1.52498E-01 6.40042E+00 1.79403E+02 1.15319E+02 2.59272E-01 5.48421E+00 3.63438E+00 8.53550E-03 
1.79148E+01 1.48434E-04 1.41356E+00 1.50524E-01 6.28949E+00 1.72950E+02 1.14875E+02 2.58030E-01 5.36446E+00 3.54851E+00 8.33347E-03 
1.83321E+01 1.46499E-04 1.36325E+00 1.48666E-01 6.18760E+00 1.66928E+02 1.14510E+02 2.56976E-01 5.25108E+00 3.46730E+00 8.14249E-03 
1.87591E+01 1.44676E-04 1.31640E+00 1.46918E-01 6.09460E+00 1.61317E+02 1.14223E+02 2.56114E-01 5.14390E+00 3.39062E+00 7.96217E-03 
1.91961E+01 1.42960E-04 1.27284E+00 1.45277E-01 6.01038E+00 1.56093E+02 1.14015E+02 2.55446E-01 5.04261E+00 3.31836E+00 7.79212E-03 
1.96432E+01 1.41348E-04 1.23237E+00 1.43739E-01 5.93475E+00 1.51236E+02 1.13886E+02 2.54975E-01 4.94728E+00 3.25010E+00 7.63197E-03 
2.01008E+01 1.39837E-04 1.19480E+00 1.42300E-01 5.86749E+00 1.46724E+02 1.13838E+02 2.54701E-01 4.85768E+00 3.18610E+00 7.48132E-03 
2.05690E+01 1.38421E-04 1.15992E+00 1.40955E-01 5.80818E+00 1.42532E+02 1.13868E+02 2.54621E-01 4.77345E+00 3.12584E+00 7.33969E-03 
2.10481E+01 1.37097E-04 1.12751E+00 1.39702E-01 5.75637E+00 1.38633E+02 1.13976E+02 2.54734E-01 4.69429E+00 3.06922E+00 7.20660E-03 
2.15384E+01 1.35861E-04 1.09739E+00 1.38535E-01 5.71171E+00 1.35007E+02 1.14160E+02 2.55036E-01 4.61998E+00 3.01604E+00 7.08161E-03 
2.20400E+01 1.34711E-04 1.06939E+00 1.37453E-01 5.67391E+00 1.31634E+02 1.14419E+02 2.55528E-01 4.55028E+00 2.96614E+00 6.96435E-03 
2.25534E+01 1.33642E-04 1.04337E+00 1.36452E-01 5.64275E+00 1.28498E+02 1.14754E+02 2.56208E-01 4.48500E+00 2.91937E+00 6.85447E-03 
2.30788E+01 1.32654E-04 1.01921E+00 1.35530E-01 5.61802E+00 1.25585E+02 1.15165E+02 2.57077E-01 4.42395E+00 2.87561E+00 6.75164E-03 
2.36163E+01 1.31742E-04 9.96787E-01 1.34683E-01 5.59952E+00 1.22879E+02 1.15650E+02 2.58135E-01 4.36694E+00 2.83471E+00 6.65555E-03 
2.41664E+01 1.30904E-04 9.75976E-01 1.33910E-01 5.58705E+00 1.20367E+02 1.16210E+02 2.59382E-01 4.31379E+00 2.79654E+00 6.56589E-03 
2.47293E+01 1.30139E-04 9.56671E-01 1.33207E-01 5.58039E+00 1.18036E+02 1.16844E+02 2.60816E-01 4.26434E+00 2.76097E+00 6.48234E-03 
2.53054E+01 1.29443E-04 9.38773E-01 1.32573E-01 5.57650E+00 1.15875E+02 1.17553E+02 2.62362E-01 4.21841E+00 2.72788E+00 6.40464E-03 
2.58948E+01 1.28814E-04 9.22198E-01 1.32006E-01 5.56848E+00 1.13872E+02 1.18334E+02 2.63708E-01 4.17586E+00 2.69717E+00 6.33252E-03 
2.64980E+01 1.28251E-04 9.06868E-01 1.31503E-01 5.56169E+00 1.12019E+02 1.19190E+02 2.64918E-01 4.13656E+00 2.66874E+00 6.26577E-03 
2.71152E+01 1.27751E-04 8.92713E-01 1.31063E-01 5.55974E+00 1.10308E+02 1.20119E+02 2.66285E-01 4.10038E+00 2.64250E+00 6.20416E-03 
2.77468E+01 1.27313E-04 8.79666E-01 1.30684E-01 5.56249E+00 1.08731E+02 1.21123E+02 2.67809E-01 4.06720E+00 2.61836E+00 6.14748E-03 
2.83931E+01 1.26936E-04 8.67662E-01 1.30364E-01 5.56979E+00 1.07280E+02 1.22201E+02 2.69488E-01 4.03689E+00 2.59623E+00 6.09553E-03 
2.90544E+01 1.26616E-04 8.56634E-01 1.30101E-01 5.58149E+00 1.05947E+02 1.23352E+02 2.71320E-01 4.00933E+00 2.57601E+00 6.04807E-03 
2.97312E+01 1.26353E-04 8.46519E-01 1.29895E-01 5.59739E+00 1.04725E+02 1.24576E+02 2.73302E-01 3.98439E+00 2.55762E+00 6.00489E-03 
3.04237E+01 1.26144E-04 8.37254E-01 1.29741E-01 5.61731E+00 1.03605E+02 1.25873E+02 2.75430E-01 3.96195E+00 2.54095E+00 5.96578E-03 
3.11324E+01 1.25987E-04 8.28778E-01 1.29640E-01 5.64107E+00 1.02581E+02 1.27241E+02 2.77702E-01 3.94187E+00 2.52592E+00 5.93051E-03 
3.18576E+01 1.25882E-04 8.21040E-01 1.29590E-01 5.66848E+00 1.01647E+02 1.28680E+02 2.80114E-01 3.92405E+00 2.51245E+00 5.89889E-03 
3.25996E+01 1.25825E-04 8.13991E-01 1.29588E-01 5.69941E+00 1.00796E+02 1.30190E+02 2.82663E-01 3.90838E+00 2.50046E+00 5.87074E-03 
3.33590E+01 1.25816E-04 8.07588E-01 1.29633E-01 5.73373E+00 1.00024E+02 1.31769E+02 2.85347E-01 3.89477E+00 2.48987E+00 5.84591E-03 
3.41360E+01 1.25853E-04 8.01795E-01 1.29724E-01 5.77133E+00 9.93259E+01 1.33419E+02 2.88163E-01 3.88314E+00 2.48064E+00 5.82424E-03 
3.49311E+01 1.25934E-04 7.96578E-01 1.29860E-01 5.81212E+00 9.86983E+01 1.35138E+02 2.91111E-01 3.87341E+00 2.47270E+00 5.80561E-03 
3.57448E+01 1.26060E-04 7.91912E-01 1.30040E-01 5.85605E+00 9.81376E+01 1.36927E+02 2.94189E-01 3.86550E+00 2.46601E+00 5.78992E-03 
3.65774E+01 1.26229E-04 7.87769E-01 1.30263E-01 5.90305E+00 9.76407E+01 1.38786E+02 2.97396E-01 3.85937E+00 2.46051E+00 5.77704E-03 
3.74294E+01 1.26439E-04 7.84123E-01 1.30527E-01 5.95306E+00 9.72045E+01 1.40716E+02 3.00731E-01 3.85494E+00 2.45618E+00 5.76688E-03 
3.83012E+01 1.26690E-04 7.80948E-01 1.30833E-01 6.00598E+00 9.68259E+01 1.42715E+02 3.04192E-01 3.85216E+00 2.45295E+00 5.75931E-03 
3.91934E+01 1.26981E-04 7.78218E-01 1.31177E-01 6.06173E+00 9.65014E+01 1.44785E+02 3.07777E-01 3.85094E+00 2.45079E+00 5.75424E-03 
4.01063E+01 1.27310E-04 7.75905E-01 1.31561E-01 6.12019E+00 9.62280E+01 1.46923E+02 3.11484E-01 3.85123E+00 2.44963E+00 5.75154E-03 
4.10405E+01 1.27676E-04 7.73985E-01 1.31981E-01 6.18129E+00 9.60028E+01 1.49132E+02 3.15309E-01 3.85298E+00 2.44945E+00 5.75112E-03 
4.19964E+01 1.28079E-04 7.72438E-01 1.32439E-01 6.24494E+00 9.58231E+01 1.51409E+02 3.19253E-01 3.85611E+00 2.45019E+00 5.75288E-03 
4.29747E+01 1.28517E-04 7.71244E-01 1.32933E-01 6.31107E+00 9.56868E+01 1.53755E+02 3.23312E-01 3.86059E+00 2.45183E+00 5.75674E-03 
4.39757E+01 1.28990E-04 7.70387E-01 1.33461E-01 6.37962E+00 9.55919E+01 1.56171E+02 3.27485E-01 3.86637E+00 2.45434E+00 5.76264E-03 
4.50000E+01 1.29497E-04 7.69853E-01 1.34025E-01 6.45056E+00 9.55365E+01 1.58655E+02 3.31772E-01 3.87342E+00 2.45768E+00 5.77049E-03 
4.60482E+01 1.30038E-04 7.69628E-01 1.34622E-01 6.52383E+00 9.55192E+01 1.61210E+02 3.36172E-01 3.88170E+00 2.46184E+00 5.78026E-03 
4.71208E+01 1.30612E-04 7.69701E-01 1.35252E-01 6.59941E+00 9.55385E+01 1.63834E+02 3.40684E-01 3.89118E+00 2.46678E+00 5.79187E-03 
4.82184E+01 1.31218E-04 7.70064E-01 1.35916E-01 6.67728E+00 9.55933E+01 1.66529E+02 3.45308E-01 3.90183E+00 2.47250E+00 5.80530E-03 
4.93415E+01 1.31857E-04 7.70706E-01 1.36612E-01 6.75743E+00 9.56826E+01 1.69295E+02 3.50044E-01 3.91363E+00 2.47897E+00 5.82050E-03 
5.04908E+01 1.32527E-04 7.71621E-01 1.37341E-01 6.83983E+00 9.58054E+01 1.72133E+02 3.54891E-01 3.92655E+00 2.48618E+00 5.83744E-03 
5.16669E+01 1.33229E-04 7.72801E-01 1.38101E-01 6.92448E+00 9.59610E+01 1.75043E+02 3.59850E-01 3.94059E+00 2.49411E+00 5.85608E-03 
5.28704E+01 1.33961E-04 7.74241E-01 1.38893E-01 7.01137E+00 9.61484E+01 1.78025E+02 3.64920E-01 3.95571E+00 2.50276E+00 5.87639E-03 
5.41019E+01 1.34724E-04 7.75933E-01 1.39716E-01 7.10050E+00 9.63670E+01 1.81081E+02 3.70102E-01 3.97190E+00 2.51211E+00 5.89834E-03 
5.53621E+01 1.35517E-04 7.77871E-01 1.40569E-01 7.19184E+00 9.66159E+01 1.84211E+02 3.75395E-01 3.98914E+00 2.52214E+00 5.92190E-03 
5.66516E+01 1.36341E-04 7.80050E-01 1.41454E-01 7.28540E+00 9.68945E+01 1.87415E+02 3.80800E-01 4.00741E+00 2.53285E+00 5.94704E-03 
5.79712E+01 1.37194E-04 7.82464E-01 1.42368E-01 7.38116E+00 9.72021E+01 1.90693E+02 3.86315E-01 4.02670E+00 2.54421E+00 5.97374E-03 
5.93216E+01 1.38077E-04 7.85109E-01 1.43313E-01 7.47912E+00 9.75382E+01 1.94048E+02 3.91942E-01 4.04700E+00 2.55624E+00 6.00197E-03 
6.07033E+01 1.38989E-04 7.87980E-01 1.44288E-01 7.57927E+00 9.79021E+01 1.97479E+02 3.97680E-01 4.06829E+00 2.56890E+00 6.03171E-03 
6.21173E+01 1.39929E-04 7.91072E-01 1.45292E-01 7.68160E+00 9.82934E+01 2.00986E+02 4.03529E-01 4.09055E+00 2.58220E+00 6.06294E-03 
6.35642E+01 1.40899E-04 7.94383E-01 1.46326E-01 7.78612E+00 9.87116E+01 2.04570E+02 4.09489E-01 4.11378E+00 2.59613E+00 6.09564E-03 
6.50448E+01 1.41898E-04 7.97907E-01 1.47388E-01 7.89283E+00 9.91563E+01 2.08232E+02 4.15561E-01 4.13797E+00 2.61068E+00 6.12979E-03 
6.65599E+01 1.42924E-04 8.01643E-01 1.48480E-01 8.00171E+00 9.96269E+01 2.11973E+02 4.21743E-01 4.16309E+00 2.62583E+00 6.16538E-03 
6.81103E+01 1.43980E-04 8.05586E-01 1.49601E-01 8.11277E+00 1.00123E+02 2.15792E+02 4.28038E-01 4.18916E+00 2.64160E+00 6.20239E-03 
6.96967E+01 1.45063E-04 8.09734E-01 1.50751E-01 8.22601E+00 1.00645E+02 2.19691E+02 4.34443E-01 4.21615E+00 2.65796E+00 6.24081E-03 
7.13202E+01 1.46174E-04 8.14085E-01 1.51930E-01 8.34143E+00 1.01192E+02 2.23670E+02 4.40961E-01 4.24405E+00 2.67491E+00 6.28062E-03 
7.29815E+01 1.47313E-04 8.18634E-01 1.53136E-01 8.45901E+00 1.01763E+02 2.27729E+02 4.47589E-01 4.27287E+00 2.69245E+00 6.32180E-03 
7.46814E+01 1.48480E-04 8.23380E-01 1.54372E-01 8.57877E+00 1.02358E+02 2.31869E+02 4.54329E-01 4.30258E+00 2.71057E+00 6.36435E-03 
7.64210E+01 1.49675E-04 8.28319E-01 1.55635E-01 8.70070E+00 1.02978E+02 2.36091E+02 4.61181E-01 4.33319E+00 2.72927E+00 6.40824E-03 
7.82010E+01 1.50897E-04 8.33450E-01 1.56927E-01 8.82478E+00 1.03621E+02 2.40394E+02 4.68144E-01 4.36468E+00 2.74853E+00 6.45348E-03 
8.00226E+01 1.52146E-04 8.38769E-01 1.58247E-01 8.95102E+00 1.04287E+02 2.44779E+02 4.75218E-01 4.39704E+00 2.76836E+00 6.50003E-03 
8.18865E+01 1.53423E-04 8.44275E-01 1.59595E-01 9.07942E+00 1.04977E+02 2.49247E+02 4.82403E-01 4.43028E+00 2.78875E+00 6.54791E-03 
8.37939E+01 1.54726E-04 8.49965E-01 1.60971E-01 9.20996E+00 1.05689E+02 2.53799E+02 4.89700E-01 4.46438E+00 2.80970E+00 6.59708E-03 
8.57457E+01 1.56058E-04 8.55837E-01 1.62375E-01 9.34265E+00 1.06424E+02 2.58433E+02 4.97107E-01 4.49934E+00 2.83119E+00 6.64755E-03 
8.77430E+01 1.57416E-04 8.61889E-01 1.63807E-01 9.47748E+00 1.07181E+02 2.63151E+02 5.04626E-01 4.53515E+00 2.85324E+00 6.69930E-03 
8.97868E+01 1.58801E-04 8.68120E-01 1.65266E-01 9.61445E+00 1.07960E+02 2.67954E+02 5.12255E-01 4.57181E+00 2.87582E+00 6.75233E-03 
9.18782E+01 1.60213E-04 8.74526E-01 1.66754E-01 9.75354E+00 1.08761E+02 2.72841E+02 5.19995E-01 4.60931E+00 2.89895E+00 6.80662E-03 
9.40183E+01 1.61652E-04 8.81108E-01 1.68269E-01 9.89476E+00 1.09584E+02 2.77812E+02 5.27846E-01 4.64765E+00 2.92261E+00 6.86218E-03 
9.62083E+01 1.63118E-04 8.87862E-01 1.69811E-01 1.00381E+01 1.10428E+02 2.82869E+02 5.35808E-01 4.68682E+00 2.94681E+00 6.91898E-03 
9.84493E+01 1.64611E-04 8.94789E-01 1.71382E-01 1.01836E+01 1.11293E+02 2.88011E+02 5.43881E-01 4.72682E+00 2.97153E+00 6.97703E-03 
1.00742E+02 1.66131E-04 9.01885E-01 1.72980E-01 1.03312E+01 1.12180E+02 2.93239E+02 5.52064E-01 4.76765E+00 2.99679E+00 7.03632E-03 
1.03089E+02 1.67677E-04 9.09150E-01 1.74606E-01 1.04808E+01 1.13087E+02 2.98552E+02 5.60358E-01 4.80930E+00 3.02257E+00 7.09684E-03 
1.05490E+02 1.69251E-04 9.16583E-01 1.76260E-01 1.06327E+01 1.14015E+02 3.03953E+02 5.68763E-01 4.85177E+00 3.04887E+00 7.15859E-03 
1.07947E+02 1.70851E-04 9.24182E-01 1.77941E-01 1.07866E+01 1.14964E+02 3.09439E+02 5.77278E-01 4.89507E+00 3.07569E+00 7.22157E-03 
1.10462E+02 1.72479E-04 9.31947E-01 1.79651E-01 1.09426E+01 1.15933E+02 3.15013E+02 5.85905E-01 4.93918E+00 3.10304E+00 7.28577E-03 
1.13035E+02 1.74133E-04 9.39876E-01 1.81388E-01 1.11007E+01 1.16923E+02 3.20674E+02 5.94643E-01 4.98410E+00 3.13091E+00 7.35119E-03 
1.15668E+02 1.75815E-04 9.47970E-01 1.83154E-01 1.12610E+01 1.17933E+02 3.26422E+02 6.03492E-01 5.02985E+00 3.15929E+00 7.41783E-03 
1.18362E+02 1.77523E-04 9.56228E-01 1.84947E-01 1.14233E+01 1.18964E+02 3.32258E+02 6.12452E-01 5.07641E+00 3.18819E+00 7.48569E-03 
1.21119E+02 1.79259E-04 9.64648E-01 1.86769E-01 1.15878E+01 1.20014E+02 3.38182E+02 6.21524E-01 5.12379E+00 3.21762E+00 7.55476E-03 
1.23940E+02 1.81022E-04 9.73231E-01 1.88618E-01 1.17544E+01 1.21085E+02 3.44195E+02 6.30709E-01 5.17198E+00 3.24756E+00 7.62505E-03 
1.26827E+02 1.82813E-04 9.81976E-01 1.90497E-01 1.19231E+01 1.22176E+02 3.50296E+02 6.40005E-01 5.22099E+00 3.27801E+00 7.69656E-03 
1.29781E+02 1.84631E-04 9.90883E-01 1.92403E-01 1.20939E+01 1.23287E+02 3.56487E+02 6.49414E-01 5.27082E+00 3.30899E+00 7.76928E-03 
1.32804E+02 1.86477E-04 9.99951E-01 1.94339E-01 1.22669E+01 1.24418E+02 3.62767E+02 6.58937E-01 5.32146E+00 3.34049E+00 7.84323E-03 
1.35898E+02 1.88350E-04 1.00918E+00 1.96303E-01 1.24419E+01 1.25569E+02 3.69136E+02 6.68572E-01 5.37293E+00 3.37250E+00 7.91839E-03 
1.39063E+02 1.90251E-04 1.01857E+00 1.98296E-01 1.26192E+01 1.26740E+02 3.75595E+02 6.78322E-01 5.42523E+00 3.40504E+00 7.99478E-03 
1.42302E+02 1.92181E-04 1.02813E+00 2.00318E-01 1.27986E+01 1.27931E+02 3.82145E+02 6.88186E-01 5.47835E+00 3.43810E+00 8.07240E-03 
1.45617E+02 1.94138E-04 1.03784E+00 2.02369E-01 1.29801E+01 1.29143E+02 3.88786E+02 6.98164E-01 5.53229E+00 3.47169E+00 8.15124E-03 
1.49009E+02 1.96124E-04 1.04772E+00 2.04449E-01 1.31638E+01 1.30374E+02 3.95517E+02 7.08259E-01 5.58707E+00 3.50580E+00 8.23132E-03 
1.52480E+02 1.98138E-04 1.05776E+00 2.06560E-01 1.33497E+01 1.31626E+02 4.02340E+02 7.18469E-01 5.64269E+00 3.54043E+00 8.31264E-03 
1.56032E+02 2.00181E-04 1.06796E+00 2.08699E-01 1.35377E+01 1.32898E+02 4.09255E+02 7.28796E-01 5.69914E+00 3.57560E+00 8.39521E-03 
1.59666E+02 2.02253E-04 1.07833E+00 2.10869E-01 1.37280E+01 1.34190E+02 4.16262E+02 7.39240E-01 5.75644E+00 3.61130E+00 8.47902E-03 
1.63385E+02 2.04353E-04 1.08886E+00 2.13069E-01 1.39204E+01 1.35503E+02 4.23361E+02 7.49802E-01 5.81458E+00 3.64754E+00 8.56409E-03 
1.67191E+02 2.06483E-04 1.09955E+00 2.15300E-01 1.41151E+01 1.36836E+02 4.30553E+02 7.60483E-01 5.87358E+00 3.68431E+00 8.65041E-03 
1.71085E+02 2.08642E-04 1.11041E+00 2.17560E-01 1.43120E+01 1.38189E+02 4.37839E+02 7.71284E-01 5.93343E+00 3.72162E+00 8.73801E-03 
1.75070E+02 2.10831E-04 1.12144E+00 2.19852E-01 1.45112E+01 1.39563E+02 4.45218E+02 7.82205E-01 5.99414E+00 3.75947E+00 8.82688E-03 
1.79148E+02 2.13050E-04 1.13263E+00 2.22175E-01 1.47126E+01 1.40958E+02 4.52691E+02 7.93247E-01 6.05572E+00 3.79787E+00 8.91703E-03 
1.83321E+02 2.15299E-04 1.14398E+00 2.24529E-01 1.49163E+01 1.42373E+02 4.60259E+02 8.04411E-01 6.11816E+00 3.83682E+00 9.00847E-03 
1.87591E+02 2.17578E-04 1.15551E+00 2.26914E-01 1.51223E+01 1.43809E+02 4.67922E+02 8.15698E-01 6.18149E+00 3.87632E+00 9.10121E-03 
1.91961E+02 2.19888E-04 1.16720E+00 2.29331E-01 1.53306E+01 1.45267E+02 4.75681E+02 8.27108E-01 6.24570E+00 3.91638E+00 9.19525E-03 
1.96432E+02 2.22228E-04 1.17907E+00 2.31780E-01 1.55413E+01 1.46745E+02 4.83535E+02 8.38644E-01 6.31080E+00 3.95700E+00 9.29060E-03 
2.01008E+02 2.24599E-04 1.19110E+00 2.34262E-01 1.57542E+01 1.48245E+02 4.91486E+02 8.50306E-01 6.37679E+00 3.99818E+00 9.38728E-03 
2.05690E+02 2.27002E-04 1.20331E+00 2.36776E-01 1.59696E+01 1.49766E+02 4.99533E+02 8.62094E-01 6.44368E+00 4.03992E+00 9.48530E-03 
2.10481E+02 2.29436E-04 1.21569E+00 2.39323E-01 1.61873E+01 1.51308E+02 5.07679E+02 8.74011E-01 6.51149E+00 4.08224E+00 9.58465E-03 
2.15384E+02 2.31902E-04 1.22824E+00 2.41903E-01 1.64074E+01 1.52872E+02 5.15922E+02 8.86057E-01 6.58021E+00 4.12514E+00 9.68536E-03 
2.20400E+02 2.34400E-04 1.24097E+00 2.44516E-01 1.66299E+01 1.54458E+02 5.24263E+02 8.98233E-01 6.64985E+00 4.16862E+00 9.78743E-03 
2.25534E+02 2.36931E-04 1.25387E+00 2.47163E-01 1.68549E+01 1.56066E+02 5.32704E+02 9.10540E-01 6.72042E+00 4.21268E+00 9.89087E-03 
2.30788E+02 2.39494E-04 1.26696E+00 2.49844E-01 1.70824E+01 1.57696E+02 5.41244E+02 9.22980E-01 6.79193E+00 4.25733E+00 9.99570E-03 
2.36163E+02 2.42090E-04 1.28022E+00 2.52559E-01 1.73123E+01 1.59348E+02 5.49885E+02 9.35554E-01 6.86438E+00 4.30257E+00 1.01019E-02 
2.41664E+02 2.44719E-04 1.29366E+00 2.55309E-01 1.75447E+01 1.61023E+02 5.58626E+02 9.48262E-01 6.93779E+00 4.34842E+00 1.02095E-02 
2.47293E+02 2.47382E-04 1.30728E+00 2.58094E-01 1.77797E+01 1.62720E+02 5.67469E+02 9.61108E-01 7.01216E+00 4.39486E+00 1.03186E-02 
2.53054E+02 2.50079E-04 1.32109E+00 2.60914E-01 1.80172E+01 1.64440E+02 5.76414E+02 9.74090E-01 7.08750E+00 4.44192E+00 1.04291E-02 
2.58948E+02 2.52809E-04 1.33508E+00 2.63770E-01 1.82573E+01 1.66183E+02 5.85461E+02 9.87212E-01 7.16382E+00 4.48959E+00 1.05410E-02 
2.64980E+02 2.55575E-04 1.34926E+00 2.66662E-01 1.85000E+01 1.67949E+02 5.94612E+02 1.00047E+00 7.24112E+00 4.53788E+00 1.06544E-02 
2.71152E+02 2.58375E-04 1.36362E+00 2.69590E-01 1.87454E+01 1.69738E+02 6.03867E+02 1.01388E+00 7.31942E+00 4.58680E+00 1.07692E-02 
2.77468E+02 2.61210E-04 1.37818E+00 2.72554E-01 1.89934E+01 1.71551E+02 6.13226E+02 1.02743E+00 7.39872E+00 4.63635E+00 1.08855E-02 
2.83931E+02 2.64081E-04 1.39292E+00 2.75556E-01 1.92441E+01 1.73388E+02 6.22692E+02 1.04112E+00 7.47904E+00 4.68653E+00 1.10033E-02 
2.90544E+02 2.66988E-04 1.40786E+00 2.78595E-01 1.94975E+01 1.75248E+02 6.32263E+02 1.05496E+00 7.56038E+00 4.73736E+00 1.11227E-02 
2.97312E+02 2.69931E-04 1.42299E+00 2.81672E-01 1.97536E+01 1.77133E+02 6.41941E+02 1.06894E+00 7.64275E+00 4.78883E+00 1.12435E-02 
3.04237E+02 2.72910E-04 1.43832E+00 2.84787E-01 2.00125E+01 1.79042E+02 6.51727E+02 1.08308E+00 7.72617E+00 4.84096E+00 1.13659E-02 
3.11324E+02 2.75927E-04 1.45384E+00 2.87940E-01 2.02742E+01 1.80976E+02 6.61622E+02 1.09737E+00 7.81063E+00 4.89375E+00 1.14898E-02 
3.18576E+02 2.78980E-04 1.46956E+00 2.91132E-01 2.05387E+01 1.82934E+02 6.71626E+02 1.11181E+00 7.89616E+00 4.94720E+00 1.16153E-02 
3.25996E+02 2.82072E-04 1.48549E+00 2.94364E-01 2.08061E+01 1.84918E+02 6.81741E+02 1.12640E+00 7.98277E+00 5.00133E+00 1.17424E-02 
3.33590E+02 2.85201E-04 1.50162E+00 2.97635E-01 2.10763E+01 1.86927E+02 6.91966E+02 1.14115E+00 8.07045E+00 5.05614E+00 1.18711E-02 
3.41360E+02 2.88369E-04 1.51795E+00 3.00946E-01 2.13495E+01 1.88961E+02 7.02303E+02 1.15605E+00 8.15923E+00 5.11164E+00 1.20014E-02 
3.49311E+02 2.91576E-04 1.53449E+00 3.04298E-01 2.16256E+01 1.91021E+02 7.12754E+02 1.17112E+00 8.24912E+00 5.16782E+00 1.21333E-02 
3.57448E+02 2.94822E-04 1.55124E+00 3.07691E-01 2.19047E+01 1.93107E+02 7.23318E+02 1.18635E+00 8.34012E+00 5.22471E+00 1.22668E-02 
3.65774E+02 2.98108E-04 1.56820E+00 3.11125E-01 2.21868E+01 1.95220E+02 7.33996E+02 1.20174E+00 8.43225E+00 5.28231E+00 1.24021E-02 
3.74294E+02 3.01434E-04 1.58537E+00 3.14601E-01 2.24720E+01 1.97358E+02 7.44791E+02 1.21729E+00 8.52551E+00 5.34062E+00 1.25390E-02 
3.83012E+02 3.04800E-04 1.60276E+00 3.18120E-01 2.27602E+01 1.99524E+02 7.55702E+02 1.23302E+00 8.61993E+00 5.39965E+00 1.26775E-02 
3.91934E+02 3.08207E-04 1.62036E+00 3.21680E-01 2.30515E+01 2.01716E+02 7.66731E+02 1.24891E+00 8.71551E+00 5.45940E+00 1.28178E-02 
4.01063E+02 3.11656E-04 1.63818E+00 3.25285E-01 2.33460E+01 2.03936E+02 7.77879E+02 1.26497E+00 8.81226E+00 5.51990E+00 1.29599E-02 
4.10405E+02 3.15146E-04 1.65623E+00 3.28932E-01 2.36437E+01 2.06184E+02 7.89146E+02 1.28120E+00 8.91020E+00 5.58114E+00 1.31036E-02 
4.19964E+02 3.18679E-04 1.67450E+00 3.32624E-01 2.39446E+01 2.08459E+02 8.00535E+02 1.29761E+00 9.00934E+00 5.64312E+00 1.32492E-02 
4.29747E+02 3.22254E-04 1.69299E+00 3.36360E-01 2.42488E+01 2.10762E+02 8.12045E+02 1.31419E+00 9.10968E+00 5.70587E+00 1.33965E-02 
4.39757E+02 3.25872E-04 1.71172E+00 3.40141E-01 2.45562E+01 2.13094E+02 8.23679E+02 1.33095E+00 9.21125E+00 5.76939E+00 1.35456E-02 
4.50000E+02 3.29534E-04 1.73067E+00 3.43968E-01 2.48670E+01 2.15455E+02 8.35437E+02 1.34789E+00 9.31406E+00 5.83368E+00 1.36965E-02 
4.60482E+02 3.33240E-04 1.74986E+00 3.47841E-01 2.51812E+01 2.17844E+02 8.47320E+02 1.36502E+00 9.41812E+00 5.89875E+00 1.38493E-02 
4.71208E+02 3.36991E-04 1.76928E+00 3.51760E-01 2.54987E+01 2.20263E+02 8.59330E+02 1.38233E+00 9.52344E+00 5.96461E+00 1.40039E-02 
4.82184E+02 3.40787E-04 1.78894E+00 3.55726E-01 2.58197E+01 2.22711E+02 8.71468E+02 1.39982E+00 9.63003E+00 6.03128E+00 1.41604E-02 
4.93415E+02 3.44628E-04 1.80884E+00 3.59740E-01 2.61442E+01 2.25189E+02 8.83735E+02 1.41751E+00 9.73791E+00 6.09875E+00 1.43188E-02 
5.04908E+02 3.48515E-04 1.82898E+00 3.63802E-01 2.64723E+01 2.27698E+02 8.96132E+02 1.43539E+00 9.84710E+00 6.16704E+00 1.44792E-02 
5.16669E+02 3.52449E-04 1.84937E+00 3.67912E-01 2.68039E+01 2.30237E+02 9.08662E+02 1.45346E+00 9.95761E+00 6.23615E+00 1.46414E-02 
5.28704E+02 3.56430E-04 1.87000E+00 3.72072E-01 2.71391E+01 2.32807E+02 9.21324E+02 1.47172E+00 1.00694E+01 6.30610E+00 1.48057E-02 
5.41019E+02 3.60458E-04 1.89089E+00 3.76281E-01 2.74779E+01 2.35408E+02 9.34120E+02 1.49018E+00 1.01826E+01 6.37689E+00 1.49719E-02 
5.53621E+02 3.64535E-04 1.91203E+00 3.80540E-01 2.78205E+01 2.38041E+02 9.47053E+02 1.50885E+00 1.02972E+01 6.44853E+00 1.51401E-02 
5.66516E+02 3.68660E-04 1.93343E+00 3.84850E-01 2.81668E+01 2.40705E+02 9.60122E+02 1.52772E+00 1.04131E+01 6.52104E+00 1.53103E-02 
5.79712E+02 3.72834E-04 1.95508E+00 3.89211E-01 2.85169E+01 2.43402E+02 9.73330E+02 1.54679E+00 1.05304E+01 6.59442E+00 1.54826E-02 
5.93216E+02 3.77058E-04 1.97700E+00 3.93624E-01 2.88708E+01 2.46131E+02 9.86678E+02 1.56607E+00 1.06491E+01 6.66867E+00 1.56569E-02 
6.07033E+02 3.81332E-04 1.99918E+00 3.98090E-01 2.92286E+01 2.48893E+02 1.00017E+03 1.58556E+00 1.07692E+01 6.74382E+00 1.58333E-02 
6.21173E+02 3.85657E-04 2.02162E+00 4.02608E-01 2.95903E+01 2.51689E+02 1.01380E+03 1.60526E+00 1.08908E+01 6.81987E+00 1.60119E-02 
6.35642E+02 3.90033E-04 2.04434E+00 4.07181E-01 2.99559E+01 2.54518E+02 1.02758E+03 1.62517E+00 1.10138E+01 6.89683E+00 1.61925E-02 
6.50448E+02 3.94461E-04 2.06733E+00 4.11807E-01 3.03256E+01 2.57381E+02 1.04150E+03 1.64531E+00 1.11383E+01 6.97470E+00 1.63754E-02 
6.65599E+02 3.98942E-04 2.09060E+00 4.16488E-01 3.06994E+01 2.60278E+02 1.05557E+03 1.66566E+00 1.12643E+01 7.05351E+00 1.65604E-02 
6.81103E+02 4.03476E-04 2.11414E+00 4.21225E-01 3.10772E+01 2.63210E+02 1.06979E+03 1.68624E+00 1.13918E+01 7.13326E+00 1.67476E-02 
6.96967E+02 4.08064E-04 2.13797E+00 4.26017E-01 3.14592E+01 2.66177E+02 1.08416E+03 1.70704E+00 1.15208E+01 7.21395E+00 1.69371E-02 
7.13202E+02 4.12705E-04 2.16208E+00 4.30866E-01 3.18454E+01 2.69180E+02 1.09868E+03 1.72808E+00 1.16513E+01 7.29561E+00 1.71288E-02 
7.29815E+02 4.17402E-04 2.18648E+00 4.35773E-01 3.22359E+01 2.72218E+02 1.11336E+03 1.74934E+00 1.17834E+01 7.37824E+00 1.73228E-02 
7.46814E+02 4.22154E-04 2.21118E+00 4.40738E-01 3.26307E+01 2.75293E+02 1.12819E+03 1.77083E+00 1.19170E+01 7.46185E+00 1.75191E-02 
7.64210E+02 4.26963E-04 2.23616E+00 4.45761E-01 3.30298E+01 2.78405E+02 1.14319E+03 1.79256E+00 1.20523E+01 7.54646E+00 1.77177E-02 
7.82010E+02 4.31828E-04 2.26145E+00 4.50843E-01 3.34333E+01 2.81553E+02 1.15834E+03 1.81454E+00 1.21891E+01 7.63207E+00 1.79187E-02 
8.00226E+02 4.36750E-04 2.28703E+00 4.55985E-01 3.38413E+01 2.84739E+02 1.17365E+03 1.83675E+00 1.23276E+01 7.71869E+00 1.81221E-02 
8.18865E+02 4.41731E-04 2.31292E+00 4.61188E-01 3.42538E+01 2.87963E+02 1.18912E+03 1.85921E+00 1.24677E+01 7.80635E+00 1.83279E-02 
8.37939E+02 4.46770E-04 2.33912E+00 4.66452E-01 3.46709E+01 2.91226E+02 1.20476E+03 1.88191E+00 1.26094E+01 7.89504E+00 1.85361E-02 
8.57457E+02 4.51869E-04 2.36563E+00 4.71779E-01 3.50926E+01 2.94527E+02 1.22057E+03 1.90487E+00 1.27529E+01 7.98478E+00 1.87468E-02 
8.77430E+02 4.57027E-04 2.39246E+00 4.77167E-01 3.55190E+01 2.97867E+02 1.23654E+03 1.92808E+00 1.28980E+01 8.07558E+00 1.89600E-02 
8.97868E+02 4.62247E-04 2.41960E+00 4.82620E-01 3.59501E+01 3.01247E+02 1.25268E+03 1.95155E+00 1.30449E+01 8.16746E+00 1.91757E-02 
9.18782E+02 4.67527E-04 2.44706E+00 4.88136E-01 3.63860E+01 3.04667E+02 1.26900E+03 1.97528E+00 1.31934E+01 8.26042E+00 1.93939E-02 
9.40183E+02 4.72870E-04 2.47485E+00 4.93717E-01 3.68267E+01 3.08128E+02 1.28549E+03 1.99927E+00 1.33438E+01 8.35448E+00 1.96148E-02 
9.62083E+02 4.78276E-04 2.50297E+00 4.99364E-01 3.72724E+01 3.11629E+02 1.30216E+03 2.02352E+00 1.34959E+01 8.44965E+00 1.98382E-02 
9.84493E+02 4.83745E-04 2.53142E+00 5.05077E-01 3.77230E+01 3.15172E+02 1.31901E+03 2.04805E+00 1.36498E+01 8.54594E+00 2.00643E-02 
1.00742E+03 4.89279E-04 2.56021E+00 5.10857E-01 3.81786E+01 3.18757E+02 1.33603E+03 2.07285E+00 1.38055E+01 8.64337E+00 2.02930E-02 
1.03089E+03 4.94877E-04 2.58934E+00 5.16705E-01 3.86393E+01 3.22384E+02 1.35324E+03 2.09792E+00 1.39630E+01 8.74195E+00 2.05244E-02 
1.05490E+03 5.00541E-04 2.61881E+00 5.22622E-01 3.91052E+01 3.26054E+02 1.37064E+03 2.12327E+00 1.41224E+01 8.84169E+00 2.07586E-02 
1.07947E+03 5.06272E-04 2.64863E+00 5.28608E-01 3.95762E+01 3.29767E+02 1.38822E+03 2.14891E+00 1.42837E+01 8.94260E+00 2.09955E-02 
1.10462E+03 5.12070E-04 2.67881E+00 5.34664E-01 4.00525E+01 3.33525E+02 1.40599E+03 2.17483E+00 1.44469E+01 9.04470E+00 2.12352E-02 
1.13035E+03 5.17935E-04 2.70934E+00 5.40791E-01 4.05342E+01 3.37326E+02 1.42395E+03 2.20104E+00 1.46120E+01 9.14801E+00 2.14778E-02 
1.15668E+03 5.23870E-04 2.74022E+00 5.46989E-01 4.10212E+01 3.41172E+02 1.44210E+03 2.22754E+00 1.47790E+01 9.25252E+00 2.17232E-02 
1.18362E+03 5.29874E-04 2.77148E+00 5.53261E-01 4.15137E+01 3.45064E+02 1.46046E+03 2.25434E+00 1.49480E+01 9.35827E+00 2.19714E-02 
1.21119E+03 5.35948E-04 2.80310E+00 5.59606E-01 4.20117E+01 3.49001E+02 1.47900E+03 2.28144E+00 1.51190E+01 9.46526E+00 2.22226E-02 
1.23940E+03 5.42094E-04 2.83509E+00 5.66025E-01 4.25152E+01 3.52985E+02 1.49775E+03 2.30884E+00 1.52920E+01 9.57350E+00 2.24767E-02 
