5.00000E+00 0.00000E+00 1.19959E+03 0.00000E+00 2.24909E+03 1.54092E+05 2.17156E+04 0.00000E+00 2.99926E+03 2.00840E+03 0.00000E+00 
5.28409E+00 2.18025E-02 3.31542E+02 0.00000E+00 6.70739E+02 4.86363E+04 7.25068E+03 0.00000E+00 9.49699E+02 6.34122E+02 1.67455E+00 
5.58432E+00 1.00958E-02 1.56388E+02 9.63313E+00 3.34543E+02 2.32230E+04 3.73331E+03 8.69560E+00 4.63797E+02 3.08972E+02 7.57170E-01 
5.90160E+00 5.50327E-03 7.75988E+01 5.30472E+00 1.75658E+02 1.17289E+04 2.05686E+03 4.86346E+00 2.42392E+02 1.60839E+02 4.03605E-01 
6.23692E+00 3.34439E-03 3.50098E+01 3.25016E+00 1.09004E+02 7.00469E+03 1.32151E+03 3.03969E+00 1.47749E+02 9.77860E+01 2.39942E-01 
6.59128E+00 2.20140E-03 2.94020E+01 2.15748E+00 7.18841E+01 4.39103E+03 9.01212E+02 2.06257E+00 9.56058E+01 6.30430E+01 1.54463E-01 
6.96578E+00 1.53688E-03 1.94509E+01 1.51655E+00 0.00000E+00 2.94016E+03 6.53119E+02 1.48295E+00 6.57531E+01 3.81268E+01 1.05374E-01 
7.36156E+00 1.12182E-03 1.29851E+01 1.11304E+00 3.63886E+01 2.04581E+03 4.95398E+02 1.11272E+00 0.00000E+00 2.93422E+01 7.50335E-02 
7.77983E+00 8.47475E-04 9.25105E+00 8.44493E-01 2.76295E+01 1.45503E+03 3.84764E+02 8.62629E-01 3.38442E+01 2.21322E+01 5.52105E-02 
8.22186E+00 6.57730E-04 6.76198E+00 6.58173E-01 2.11222E+01 1.06826E+03 3.08795E+02 6.85680E-01 2.59913E+01 1.72513E+01 4.16595E-02 
8.68900E+00 5.21943E-04 5.03396E+00 5.24140E-01 1.64649E+01 7.92757E+02 2.51369E+02 5.56825E-01 2.01311E+01 1.32482E+01 3.21201E-02 
9.18269E+00 4.21911E-04 3.81488E+00 4.25083E-01 1.30452E+01 6.02534E+02 2.09304E+02 4.60708E-01 1.58257E+01 1.01242E+01 2.52361E-02 
9.70443E+00 3.47042E-04 2.93803E+00 3.50734E-01 1.06585E+01 4.63607E+02 1.76802E+02 3.87485E-01 1.30487E+01 8.26855E+00 2.01589E-02 
1.02558E+01 2.89940E-04 2.29797E+00 2.93890E-01 8.84357E+00 3.62853E+02 1.51780E+02 3.30601E-01 1.04608E+01 6.71615E+00 1.63385E-02 
1.08385E+01 2.45534E-04 1.82400E+00 2.49607E-01 7.41870E+00 2.87939E+02 1.32161E+02 2.86209E-01 8.67861E+00 5.49441E+00 1.34390E-02 
1.14543E+01 2.10723E-04 1.46805E+00 2.14759E-01 6.32379E+00 2.31652E+02 1.16607E+02 2.51083E-01 7.30692E+00 4.57304E+00 1.12038E-02 
1.21051E+01 1.82872E-04 1.19682E+00 1.86888E-01 5.43919E+00 1.88720E+02 1.04170E+02 2.22957E-01 6.20972E+00 3.84993E+00 9.45638E-03 
1.27929E+01 1.60586E-04 9.87902E-01 1.64545E-01 4.76515E+00 1.55661E+02 9.41654E+01 2.00307E-01 5.34486E+00 3.28148E+00 8.07691E-03 
1.35198E+01 1.42445E-04 8.24590E-01 1.46295E-01 4.18147E+00 1.29742E+02 8.60341E+01 1.81893E-01 4.65307E+00 2.82351E+00 6.97445E-03 
1.42880E+01 1.27582E-04 6.95680E-01 1.31340E-01 3.73174E+00 1.09276E+02 7.94156E+01 1.66825E-01 4.11461E+00 2.45484E+00 6.08410E-03 
1.50998E+01 1.15288E-04 5.92581E-01 1.18947E-01 3.35427E+00 9.28935E+01 7.39955E+01 1.54429E-01 3.65057E+00 2.15328E+00 5.35808E-03 
1.59577E+01 1.05037E-04 5.09232E-01 1.08598E-01 3.04142E+00 7.96395E+01 6.95521E+01 1.44168E-01 3.26727E+00 1.90440E+00 4.75993E-03 
1.68644E+01 9.64407E-05 4.41288E-01 9.99107E-02 2.77981E+00 6.88139E+01 6.59095E+01 1.35680E-01 2.94934E+00 1.69763E+00 4.26393E-03 
1.78226E+01 8.92000E-05 3.85534E-01 9.25836E-02 2.56118E+00 5.98965E+01 6.29391E+01 1.28654E-01 2.68453E+00 1.52454E+00 3.84938E-03 
1.88352E+01 8.30589E-05 3.39240E-01 8.63595E-02 2.37737E+00 5.24847E+01 6.05319E+01 1.22858E-01 2.46111E+00 1.37797E+00 3.50074E-03 
1.99054E+01 7.78271E-05 3.00513E-01 8.10504E-02 2.22188E+00 4.62765E+01 5.86077E+01 1.18069E-01 2.27179E+00 1.25311E+00 3.20476E-03 
2.10363E+01 7.33582E-05 2.67801E-01 7.65079E-02 2.08957E+00 4.10379E+01 5.71004E+01 1.14150E-01 2.11125E+00 1.14644E+00 2.95231E-03 
2.22316E+01 6.95299E-05 2.40268E-01 7.26088E-02 1.97823E+00 3.65923E+01 5.59589E+01 1.11040E-01 1.97434E+00 1.05445E+00 2.73723E-03 
2.34947E+01 6.62463E-05 2.16802E-01 6.92556E-02 1.88391E+00 3.28015E+01 5.51444E+01 1.08580E-01 1.85717E+00 9.74967E-01 2.55183E-03 
2.48296E+01 6.34230E-05 1.96713E-01 6.63649E-02 1.80437E+00 2.95587E+01 5.46219E+01 1.06746E-01 1.75680E+00 9.05534E-01 2.39250E-03 
2.62404E+01 6.10101E-05 1.79725E-01 6.38836E-02 1.73971E+00 2.67853E+01 5.43688E+01 1.05468E-01 1.67077E+00 8.45633E-01 2.25498E-03 
2.77313E+01 5.89393E-05 1.65113E-01 6.17437E-02 1.68698E+00 2.44189E+01 5.43649E+01 1.04730E-01 1.59677E+00 7.93223E-01 2.13670E-03 
2.93069E+01 5.71751E-05 1.52700E-01 5.99119E-02 1.64595E+00 2.24079E+01 5.45969E+01 1.04472E-01 1.53334E+00 7.47710E-01 2.03448E-03 
3.09721E+01 5.56892E-05 1.42161E-01 5.83605E-02 1.61583E+00 2.07057E+01 5.50545E+01 1.04700E-01 1.47929E+00 7.08507E-01 1.94677E-03 
3.27318E+01 5.44387E-05 1.33236E-01 5.70457E-02 1.59589E+00 1.92697E+01 5.57302E+01 1.05401E-01 1.43330E+00 6.74599E-01 1.87181E-03 
3.45915E+01 5.34020E-05 1.25693E-01 5.59476E-02 1.58545E+00 1.80608E+01 5.66189E+01 1.06550E-01 1.39442E+00 6.45709E-01 1.80785E-03 
3.65570E+01 5.25610E-05 1.19323E-01 5.50493E-02 1.58387E+00 1.70434E+01 5.77163E+01 1.08157E-01 1.36199E+00 6.20857E-01 1.75385E-03 
3.86340E+01 5.18960E-05 1.13953E-01 5.43303E-02 1.59062E+00 1.61877E+01 5.90202E+01 1.10206E-01 1.33505E+00 5.99721E-01 1.70851E-03 
4.08291E+01 5.13885E-05 1.09438E-01 5.37723E-02 1.60530E+00 1.54690E+01 6.05291E+01 1.12729E-01 1.31336E+00 5.81865E-01 1.67134E-03 
4.31489E+01 5.10268E-05 1.05660E-01 5.33643E-02 1.62760E+00 1.48671E+01 6.22431E+01 1.15666E-01 1.29620E+00 5.66914E-01 1.64058E-03 
4.56005E+01 5.07984E-05 1.02520E-01 5.30940E-02 1.65734E+00 1.43654E+01 6.41630E+01 1.19054E-01 1.28316E+00 5.54551E-01 1.61601E-03 
4.81915E+01 5.06935E-05 9.99365E-02 5.29516E-02 1.69440E+00 1.39509E+01 6.62909E+01 1.22900E-01 1.27388E+00 5.44507E-01 1.59702E-03 
5.09296E+01 5.07029E-05 9.78416E-02 5.29280E-02 1.73871E+00 1.36121E+01 6.86292E+01 1.27214E-01 1.26804E+00 5.36541E-01 1.58308E-03 
5.38233E+01 5.08182E-05 9.61745E-02 5.30150E-02 1.79025E+00 1.33391E+01 7.11808E+01 1.32008E-01 1.26535E+00 5.30441E-01 1.57371E-03 
5.68814E+01 5.10333E-05 9.48841E-02 5.32060E-02 1.84905E+00 1.31235E+01 7.39483E+01 1.37296E-01 1.26558E+00 5.26018E-01 1.56851E-03 
6.01132E+01 5.13412E-05 9.39282E-02 5.34940E-02 1.91521E+00 1.29585E+01 7.69355E+01 1.43094E-01 1.26881E+00 5.23115E-01 1.56713E-03 
6.35287E+01 5.17361E-05 9.32727E-02 5.38731E-02 1.98891E+00 1.28386E+01 8.01462E+01 1.49421E-01 1.27421E+00 5.21600E-01 1.56928E-03 
6.71382E+01 5.22140E-05 9.28888E-02 5.43395E-02 2.07031E+00 1.27594E+01 8.35849E+01 1.56297E-01 1.28196E+00 5.21362E-01 1.57470E-03 
7.09529E+01 5.27707E-05 9.27514E-02 5.48889E-02 2.15928E+00 1.27169E+01 8.72558E+01 1.63734E-01 1.29191E+00 5.22300E-01 1.58316E-03 
7.49842E+01 5.34022E-05 9.28379E-02 5.55173E-02 2.25547E+00 1.27076E+01 9.11635E+01 1.71732E-01 1.30395E+00 5.24325E-01 1.59445E-03 
7.92447E+01 5.41057E-05 9.31277E-02 5.62213E-02 2.35810E+00 1.27282E+01 9.53121E+01 1.80276E-01 1.31796E+00 5.27350E-01 1.60839E-03 
8.37471E+01 5.48712E-05 9.36022E-02 5.69977E-02 2.46645E+00 1.27759E+01 9.97054E+01 1.89347E-01 1.33383E+00 5.31300E-01 1.62482E-03 
8.85054E+01 5.57098E-05 9.42459E-02 5.78365E-02 2.57902E+00 1.28481E+01 1.04347E+02 1.98885E-01 1.35150E+00 5.36108E-01 1.64360E-03 
9.35341E+01 5.66126E-05 9.50463E-02 5.87495E-02 2.69484E+00 1.29428E+01 1.09242E+02 2.08842E-01 1.37088E+00 5.41723E-01 1.66462E-03 
9.88485E+01 5.75781E-05 9.59938E-02 5.97281E-02 2.81302E+00 1.30583E+01 1.14395E+02 2.19159E-01 1.39192E+00 5.48103E-01 1.68779E-03 
1.04465E+02 5.86052E-05 9.70809E-02 6.07709E-02 2.93204E+00 1.31936E+01 1.19808E+02 2.29725E-01 1.41456E+00 5.55217E-01 1.71305E-03 
1.10400E+02 5.96927E-05 9.83019E-02 6.18768E-02 3.05133E+00 1.33477E+01 1.25488E+02 2.40456E-01 1.43879E+00 5.63038E-01 1.74033E-03 
1.16673E+02 6.08399E-05 9.96521E-02 6.30450E-02 3.17083E+00 1.35199E+01 1.31439E+02 2.51289E-01 1.46455E+00 5.71548E-01 1.76960E-03 
1.23302E+02 6.20460E-05 1.01128E-01 6.42747E-02 3.28962E+00 1.37096E+01 1.37664E+02 2.62059E-01 1.49184E+00 5.80728E-01 1.80081E-03 
1.30308E+02 6.33106E-05 1.02725E-01 6.55656E-02 3.40887E+00 1.39164E+01 1.44168E+02 2.72769E-01 1.52063E+00 5.90565E-01 1.83393E-03 
1.37711E+02 6.46335E-05 1.04441E-01 6.69173E-02 3.52921E+00 1.41396E+01 1.50955E+02 2.83381E-01 1.55090E+00 6.01046E-01 1.86893E-03 
1.45536E+02 6.60145E-05 1.06274E-01 6.83298E-02 3.65197E+00 1.43791E+01 1.58028E+02 2.93989E-01 1.58264E+00 6.12163E-01 1.90579E-03 
1.53805E+02 6.74536E-05 1.08221E-01 6.98030E-02 3.77839E+00 1.46345E+01 1.65391E+02 3.04809E-01 1.61585E+00 6.23907E-01 1.94450E-03 
1.62544E+02 6.89509E-05 1.10282E-01 7.13370E-02 3.90880E+00 1.49055E+01 1.73047E+02 3.15949E-01 1.65053E+00 6.36272E-01 1.98505E-03 
1.71779E+02 7.05066E-05 1.12454E-01 7.29320E-02 4.04322E+00 1.51919E+01 1.81000E+02 3.27413E-01 1.68667E+00 6.49255E-01 2.02742E-03 
1.81539E+02 7.21212E-05 1.14738E-01 7.45885E-02 4.18167E+00 1.54937E+01 1.89252E+02 3.39204E-01 1.72427E+00 6.62851E-01 2.07162E-03 
1.91854E+02 7.37951E-05 1.17131E-01 7.63070E-02 4.32417E+00 1.58106E+01 1.97806E+02 3.51322E-01 1.76335E+00 6.77059E-01 2.11764E-03 
2.02754E+02 7.55290E-05 1.19634E-01 7.80882E-02 4.47074E+00 1.61427E+01 2.06666E+02 3.63771E-01 1.80392E+00 6.91880E-01 2.16551E-03 
2.14274E+02 7.73237E-05 1.22246E-01 7.99328E-02 4.62142E+00 1.64898E+01 2.15834E+02 3.76554E-01 1.84598E+00 7.07315E-01 2.21521E-03 
2.26449E+02 7.91800E-05 1.24969E-01 8.18416E-02 4.77626E+00 1.68519E+01 2.25314E+02 3.89674E-01 1.88956E+00 7.23366E-01 2.26678E-03 
2.39315E+02 8.10989E-05 1.27801E-01 8.38156E-02 4.93529E+00 1.72291E+01 2.35108E+02 4.03136E-01 1.93467E+00 7.40037E-01 2.32022E-03 
2.52912E+02 8.30814E-05 1.30743E-01 8.58559E-02 5.09858E+00 1.76215E+01 2.45219E+02 4.16944E-01 1.98133E+00 7.57333E-01 2.37556E-03 
2.67282E+02 8.51287E-05 1.33797E-01 8.79637E-02 5.26619E+00 1.80290E+01 2.55651E+02 4.31105E-01 2.02957E+00 7.75259E-01 2.43283E-03 
2.82468E+02 8.72421E-05 1.36962E-01 9.01401E-02 5.43819E+00 1.84519E+01 2.66408E+02 4.45625E-01 2.07942E+00 7.93823E-01 2.49204E-03 
2.98518E+02 8.94228E-05 1.40241E-01 9.23866E-02 5.61467E+00 1.88901E+01 2.77491E+02 4.60511E-01 2.13090E+00 8.13034E-01 2.55323E-03 
3.15479E+02 9.16724E-05 1.43635E-01 9.47046E-02 5.79570E+00 1.93441E+01 2.88907E+02 4.75770E-01 2.18405E+00 8.32900E-01 2.61645E-03 
3.33403E+02 9.39924E-05 1.47145E-01 9.70957E-02 5.98139E+00 1.98138E+01 3.00657E+02 4.91411E-01 2.23889E+00 8.53432E-01 2.68171E-03 
3.52347E+02 9.63844E-05 1.50773E-01 9.95615E-02 6.17184E+00 2.02996E+01 3.12747E+02 5.07443E-01 2.29547E+00 8.74642E-01 2.74907E-03 
3.72366E+02 9.88501E-05 1.54521E-01 1.02104E-01 6.36717E+00 2.08017E+01 3.25182E+02 5.23876E-01 2.35383E+00 8.96542E-01 2.81857E-03 
3.93523E+02 1.01391E-04 1.58391E-01 1.04724E-01 6.56748E+00 2.13203E+01 3.37965E+02 5.40719E-01 2.41399E+00 9.19145E-01 2.89025E-03 
4.15882E+02 1.04010E-04 1.62387E-01 1.07425E-01 6.77292E+00 2.18559E+01 3.51103E+02 5.57984E-01 2.47601E+00 9.42467E-01 2.96417E-03 
4.39511E+02 1.06708E-04 1.66509E-01 1.10208E-01 6.98361E+00 2.24087E+01 3.64600E+02 5.75682E-01 2.53993E+00 9.66523E-01 3.04037E-03 
4.64483E+02 1.09487E-04 1.70761E-01 1.13074E-01 7.19970E+00 2.29790E+01 3.78463E+02 5.93825E-01 2.60580E+00 9.91329E-01 3.11890E-03 
4.90874E+02 1.12349E-04 1.75146E-01 1.16028E-01 7.42133E+00 2.35673E+01 3.92698E+02 6.12426E-01 2.67366E+00 1.01690E+00 3.19984E-03 
5.18764E+02 1.15297E-04 1.79667E-01 1.19069E-01 7.64866E+00 2.41740E+01 4.07312E+02 6.31497E-01 2.74357E+00 1.04326E+00 3.28322E-03 
5.48239E+02 1.18333E-04 1.84327E-01 1.22202E-01 7.88186E+00 2.47994E+01 4.22311E+02 6.51052E-01 2.81557E+00 1.07042E+00 3.36912E-03 
5.79389E+02 1.21459E-04 1.89129E-01 1.25427E-01 8.12108E+00 2.54439E+01 4.37703E+02 6.71106E-01 2.88972E+00 1.09841E+00 3.45760E-03 
6.12308E+02 1.24677E-04 1.94076E-01 1.28748E-01 8.36651E+00 2.61082E+01 4.53496E+02 6.91672E-01 2.96607E+00 1.12723E+00 3.54872E-03 
6.47098E+02 1.27990E-04 1.99173E-01 1.32167E-01 8.61832E+00 2.67925E+01 4.69699E+02 7.12767E-01 3.04469E+00 1.15693E+00 3.64255E-03 
6.83864E+02 1.31400E-04 2.04423E-01 1.35687E-01 8.87670E+00 2.74975E+01 4.86320E+02 7.34405E-01 3.12563E+00 1.18751E+00 3.73916E-03 
7.22720E+02 1.34911E-04 2.09830E-01 1.39310E-01 9.14185E+00 2.82237E+01 5.03369E+02 7.56603E-01 3.20896E+00 1.21900E+00 3.83863E-03 
7.63783E+02 1.38524E-04 2.15398E-01 1.43040E-01 9.41396E+00 2.89715E+01 5.20854E+02 7.79378E-01 3.29473E+00 1.25142E+00 3.94103E-03 
8.07179E+02 1.42243E-04 2.21130E-01 1.46878E-01 9.69323E+00 2.97415E+01 5.38787E+02 8.02746E-01 3.38301E+00 1.28480E+00 4.04644E-03 
8.53041E+02 1.46070E-04 2.27032E-01 1.50829E-01 9.97989E+00 3.05343E+01 5.57179E+02 8.26726E-01 3.47387E+00 1.31916E+00 4.15493E-03 
9.01509E+02 1.50008E-04 2.33108E-01 1.54894E-01 1.02741E+01 3.13506E+01 5.76039E+02 8.51336E-01 3.56738E+00 1.35454E+00 4.26660E-03 
9.52730E+02 1.54060E-04 2.39362E-01 1.59077E-01 1.05762E+01 3.21908E+01 5.95381E+02 8.76593E-01 3.66361E+00 1.39094E+00 4.38152E-03 
1.00686E+03 1.58230E-04 2.45799E-01 1.63382E-01 1.08863E+01 3.30557E+01 6.15215E+02 9.02518E-01 3.76264E+00 1.42841E+00 4.49978E-03 
1.06407E+03 1.62520E-04 2.52424E-01 1.67811E-01 1.12047E+01 3.39458E+01 6.35556E+02 9.29130E-01 3.86453E+00 1.46697E+00 4.62147E-03 
1.12453E+03 1.66935E-04 2.59242E-01 1.72368E-01 1.15317E+01 3.48620E+01 6.56416E+02 9.56450E-01 3.96937E+00 1.50665E+00 4.74669E-03 
1.18842E+03 1.71476E-04 2.66257E-01 1.77056E-01 1.18674E+01 3.58047E+01 6.77808E+02 9.84498E-01 4.07724E+00 1.54749E+00 4.87553E-03 
1.25594E+03 1.76148E-04 2.73477E-01 1.81879E-01 1.22122E+01 3.67749E+01 6.99748E+02 1.01330E+00 4.18821E+00 1.58950E+00 5.00809E-03 
1.32730E+03 1.80955E-04 2.80905E-01 1.86842E-01 1.25662E+01 3.77731E+01 7.22249E+02 1.04287E+00 4.30238E+00 1.63273E+00 5.14447E-03 
1.40272E+03 1.85899E-04 2.88548E-01 1.91946E-01 1.29298E+01 3.88003E+01 7.45327E+02 1.07323E+00 4.41983E+00 1.67720E+00 5.28478E-03 
1.48242E+03 1.90986E-04 2.96411E-01 1.97197E-01 1.33033E+01 3.98570E+01 7.68999E+02 1.10441E+00 4.54066E+00 1.72295E+00 5.42912E-03 
1.56664E+03 1.96218E-04 3.04501E-01 2.02599E-01 1.36869E+01 4.09443E+01 7.93280E+02 1.13643E+00 4.66495E+00 1.77002E+00 5.57760E-03 
1.65566E+03 2.01599E-04 3.12823E-01 2.08155E-01 1.40810E+01 4.20627E+01 8.18188E+02 1.16932E+00 4.79279E+00 1.81844E+00 5.73034E-03 
1.74973E+03 2.07135E-04 3.21384E-01 2.13870E-01 1.44857E+01 4.32134E+01 8.43739E+02 1.20311E+00 4.92430E+00 1.86825E+00 5.88745E-03 
1.84914E+03 2.12828E-04 3.30190E-01 2.19748E-01 1.49016E+01 4.43970E+01 8.69953E+02 1.23780E+00 5.05956E+00 1.91949E+00 6.04905E-03 
1.95420E+03 2.18684E-04 3.39249E-01 2.25793E-01 1.53287E+01 4.56145E+01 8.96848E+02 1.27344E+00 5.19868E+00 1.97219E+00 6.21527E-03 
2.06524E+03 2.24707E-04 3.48566E-01 2.32011E-01 1.57676E+01 4.68669E+01 9.24443E+02 1.31006E+00 5.34177E+00 2.02640E+00 6.38623E-03 
2.18258E+03 2.30901E-04 3.58150E-01 2.38407E-01 1.62185E+01 4.81551E+01 9.52758E+02 1.34767E+00 5.48894E+00 2.08215E+00 6.56207E-03 
2.30659E+03 2.37271E-04 3.68007E-01 2.44984E-01 1.66817E+01 4.94800E+01 9.81814E+02 1.38631E+00 5.64029E+00 2.13949E+00 6.74291E-03 
2.43764E+03 2.43822E-04 3.78145E-01 2.51747E-01 1.71577E+01 5.08427E+01 1.01163E+03 1.42601E+00 5.79595E+00 2.19847E+00 6.92890E-03 
2.57614E+03 2.50560E-04 3.88572E-01 2.58704E-01 1.76468E+01 5.22443E+01 1.04223E+03 1.46679E+00 5.95603E+00 2.25912E+00 7.12018E-03 
2.72251E+03 2.57488E-04 3.99295E-01 2.65857E-01 1.81493E+01 5.36857E+01 1.07364E+03 1.50869E+00 6.12066E+00 2.32150E+00 7.31690E-03 
2.87720E+03 2.64614E-04 4.10324E-01 2.73214E-01 1.86657E+01 5.51682E+01 1.10588E+03 1.55175E+00 6.28996E+00 2.38565E+00 7.51919E-03 
3.04068E+03 2.71941E-04 4.21665E-01 2.80779E-01 1.91963E+01 5.66927E+01 1.13897E+03 1.59599E+00 6.46406E+00 2.45163E+00 7.72723E-03 
3.21344E+03 2.79476E-04 4.33329E-01 2.88558E-01 1.97415E+01 5.82606E+01 1.17294E+03 1.64144E+00 6.64310E+00 2.51947E+00 7.94117E-03 
3.39602E+03 2.87224E-04 4.45323E-01 2.96558E-01 2.03019E+01 5.98729E+01 1.20782E+03 1.68815E+00 6.82721E+00 2.58924E+00 8.16117E-03 
3.58897E+03 2.95191E-04 4.57657E-01 3.04784E-01 2.08777E+01 6.15309E+01 1.24362E+03 1.73615E+00 7.01653E+00 2.66098E+00 8.38740E-03 
3.79289E+03 3.03384E-04 4.70341E-01 3.13242E-01 2.14694E+01 6.32360E+01 1.28038E+03 1.78547E+00 7.21120E+00 2.73476E+00 8.62003E-03 
4.00839E+03 3.11808E-04 4.83384E-01 3.21940E-01 2.20776E+01 6.49893E+01 1.31812E+03 1.83616E+00 7.41138E+00 2.81063E+00 8.85924E-03 
4.23614E+03 3.20470E-04 4.96796E-01 3.30884E-01 2.27025E+01 6.67922E+01 1.35688E+03 1.88824E+00 7.61722E+00 2.88864E+00 9.10522E-03 
4.47682E+03 3.29377E-04 5.10587E-01 3.40080E-01 2.33448E+01 6.86461E+01 1.39668E+03 1.94177E+00 7.82887E+00 2.96885E+00 9.35815E-03 
4.73119E+03 3.38535E-04 5.24768E-01 3.49536E-01 2.40050E+01 7.05525E+01 1.43754E+03 1.99678E+00 8.04650E+00 3.05133E+00 9.61822E-03 
5.00000E+03 3.47952E-04 5.39350E-01 3.59258E-01 2.46834E+01 7.25127E+01 1.47951E+03 2.05331E+00 8.27027E+00 3.13615E+00 9.88563E-03 
5.28409E+03 3.57635E-04 5.54344E-01 3.69255E-01 2.53807E+01 7.45283E+01 1.52262E+03 2.11141E+00 8.50036E+00 3.22335E+00 1.01606E-02 
5.58432E+03 3.67590E-04 5.69761E-01 3.79534E-01 2.60974E+01 7.66007E+01 1.56689E+03 2.17113E+00 8.73693E+00 3.31302E+00 1.04433E-02 
5.90160E+03 3.77826E-04 5.85612E-01 3.90103E-01 2.68340E+01 7.87317E+01 1.61236E+03 2.23250E+00 8.98018E+00 3.40522E+00 1.07340E-02 
6.23692E+03 3.88351E-04 6.01911E-01 4.00969E-01 2.75910E+01 8.09228E+01 1.65906E+03 2.29557E+00 9.23028E+00 3.50001E+00 1.10329E-02 
6.59128E+03 3.99172E-04 6.18670E-01 4.12142E-01 2.83692E+01 8.31757E+01 1.70704E+03 2.36040E+00 9.48743E+00 3.59748E+00 1.13402E-02 
6.96578E+03 4.10298E-04 6.35901E-01 4.23629E-01 2.91689E+01 8.54920E+01 1.75632E+03 2.42702E+00 9.75182E+00 3.69770E+00 1.16562E-02 
7.36156E+03 4.21737E-04 6.53617E-01 4.35439E-01 2.99910E+01 8.78737E+01 1.80694E+03 2.49551E+00 1.00237E+01 3.80074E+00 1.19810E-02 
7.77983E+03 4.33498E-04 6.71832E-01 4.47583E-01 3.08360E+01 9.03224E+01 1.85895E+03 2.56589E+00 1.03032E+01 3.90668E+00 1.23151E-02 
8.22186E+03 4.45590E-04 6.90561E-01 4.60067E-01 3.17044E+01 9.28401E+01 1.91238E+03 2.63824E+00 1.05905E+01 4.01560E+00 1.26585E-02 
8.68900E+03 4.58022E-04 7.09816E-01 4.72903E-01 3.25971E+01 9.54287E+01 1.96727E+03 2.71260E+00 1.08860E+01 4.12759E+00 1.30116E-02 
9.18269E+03 4.70804E-04 7.29614E-01 4.86101E-01 3.35147E+01 9.80902E+01 2.02366E+03 2.78903E+00 1.11897E+01 4.24273E+00 1.33746E-02 
9.70443E+03 4.83945E-04 7.49969E-01 4.99669E-01 3.44579E+01 1.00827E+02 2.08160E+03 2.86759E+00 1.15020E+01 4.36111E+00 1.37478E-02 
