5.20000E-01 8.40118E-02 1.79822E+05 8.45870E+01 2.74435E+04 2.16350E+07 3.10314E+04 7.12571E+01 3.98812E+04 2.81858E+04 6.47588E+01 
5.32112E-01 6.77212E-02 1.43059E+05 6.78824E+01 2.23434E+04 1.71184E+07 2.52898E+04 5.84301E+01 3.17678E+04 2.24516E+04 5.19017E+01 
5.44507E-01 5.57935E-02 1.16445E+05 5.57284E+01 1.86174E+04 1.39151E+07 2.11530E+04 4.89676E+01 2.59712E+04 1.83549E+04 4.25138E+01 
5.57190E-01 4.68228E-02 9.64627E+04 4.66381E+01 1.57836E+04 1.15036E+07 1.80062E+04 4.17987E+01 2.16084E+04 1.52715E+04 3.54701E+01 
5.70169E-01 3.99052E-02 8.11392E+04 3.96627E+01 1.35883E+04 9.65945E+06 1.55738E+04 3.62314E+01 1.82673E+04 1.29102E+04 3.00514E+01 
5.83450E-01 3.44463E-02 6.91342E+04 3.41794E+01 1.18489E+04 8.22319E+06 1.36544E+04 3.18063E+01 1.56544E+04 1.10635E+04 2.57855E+01 
5.97040E-01 3.00536E-02 5.95104E+04 2.97770E+01 1.04373E+04 7.06837E+06 1.20942E+04 2.82203E+01 1.35527E+04 9.57809E+03 2.23618E+01 
6.10947E-01 2.64678E-02 5.17125E+04 2.61900E+01 9.28157E+03 6.13959E+06 1.08221E+04 2.52725E+01 1.18536E+04 8.37724E+03 1.95741E+01 
6.25178E-01 2.35076E-02 4.52945E+04 2.32341E+01 8.31884E+03 5.37365E+06 9.76182E+03 2.28223E+01 1.04510E+04 7.38597E+03 1.72773E+01 
6.39740E-01 2.10396E-02 3.99654E+04 2.07739E+01 7.51109E+03 4.73819E+06 8.87381E+03 2.07649E+01 9.28600E+03 6.56261E+03 1.53653E+01 
6.54641E-01 1.89630E-02 3.54980E+04 1.87071E+01 6.82672E+03 4.20682E+06 8.12335E+03 1.90225E+01 8.30897E+03 5.87210E+03 1.37585E+01 
6.69890E-01 1.71996E-02 3.17118E+04 1.69543E+01 6.24023E+03 3.75578E+06 7.48143E+03 1.75334E+01 7.47984E+03 5.28611E+03 1.23955E+01 
6.85494E-01 1.56894E-02 2.84823E+04 1.54550E+01 5.73501E+03 3.37276E+06 6.93091E+03 1.62504E+01 6.77322E+03 4.78671E+03 1.12295E+01 
7.01461E-01 1.43865E-02 2.57001E+04 1.41628E+01 5.29476E+03 3.04187E+06 6.45181E+03 1.51370E+01 6.16293E+03 4.35539E+03 1.02243E+01 
7.17800E-01 1.32547E-02 2.32900E+04 1.30414E+01 4.90960E+03 2.75617E+06 6.03488E+03 1.41642E+01 5.63477E+03 3.98211E+03 9.35164E+00 
7.34520E-01 1.22645E-02 2.11863E+04 1.20614E+01 4.56956E+03 2.50668E+06 5.66791E+03 1.33085E+01 5.17292E+03 3.65570E+03 8.58872E+00 
7.51629E-01 1.13926E-02 1.93384E+04 1.11991E+01 4.26762E+03 2.28740E+06 5.34312E+03 1.25510E+01 4.76667E+03 3.36858E+03 7.91743E+00 
7.69136E-01 1.06202E-02 1.77073E+04 1.04357E+01 3.99810E+03 2.09436E+06 5.05474E+03 1.18765E+01 4.40787E+03 3.11500E+03 7.32326E+00 
7.87052E-01 9.93244E-03 1.62578E+04 9.75641E+00 3.75569E+03 1.92233E+06 4.79592E+03 1.12730E+01 4.08803E+03 2.88895E+03 6.79461E+00 
8.05385E-01 9.31741E-03 1.49664E+04 9.14920E+00 3.53731E+03 1.76965E+06 4.56435E+03 1.07305E+01 3.80308E+03 2.68756E+03 6.32210E+00 
8.24144E-01 8.76534E-03 1.38088E+04 8.60441E+00 3.33908E+03 1.63234E+06 4.35475E+03 1.02412E+01 3.54681E+03 2.50644E+03 5.89805E+00 
8.43341E-01 8.26801E-03 1.27687E+04 8.11390E+00 3.15890E+03 1.50936E+06 4.16567E+03 9.79834E+00 3.31649E+03 2.34366E+03 5.51604E+00 
8.62985E-01 7.81835E-03 1.18297E+04 7.67063E+00 2.99415E+03 1.39818E+06 3.99369E+03 9.39597E+00 3.10808E+03 2.19636E+03 5.17057E+00 
8.83087E-01 7.41029E-03 1.09797E+04 7.26853E+00 2.84310E+03 1.29758E+06 3.83700E+03 9.02911E+00 2.91900E+03 2.06273E+03 4.85698E+00 
9.03656E-01 7.03863E-03 1.02072E+04 6.90248E+00 2.70403E+03 1.20626E+06 3.69380E+03 8.69340E+00 2.74691E+03 1.94111E+03 4.57128E+00 
9.24705E-01 6.69905E-03 9.50314E+03 6.56814E+00 2.57552E+03 1.12295E+06 3.56223E+03 8.38529E+00 2.58956E+03 1.82989E+03 4.31019E+00 
9.46244E-01 6.38782E-03 8.85986E+03 6.26181E+00 2.45650E+03 1.04687E+06 3.44123E+03 8.10157E+00 2.44541E+03 1.72802E+03 4.07081E+00 
9.68285E-01 6.10182E-03 8.27023E+03 5.98038E+00 2.34582E+03 9.77186E+05 3.32955E+03 7.83963E+00 2.31292E+03 1.63438E+03 3.85073E+00 
9.90840E-01 5.83841E-03 7.72871E+03 5.72124E+00 2.24267E+03 9.13149E+05 3.22618E+03 7.59722E+00 2.19081E+03 1.54807E+03 3.64789E+00 
1.01392E+00 5.59526E-03 7.23026E+03 5.48210E+00 2.14630E+03 8.54219E+05 3.13033E+03 7.37236E+00 2.07803E+03 1.46836E+03 3.46048E+00 
1.03754E+00 5.37035E-03 6.77049E+03 5.26097E+00 2.05603E+03 7.99870E+05 3.04125E+03 7.16335E+00 1.97360E+03 1.39455E+03 3.28694E+00 
1.06170E+00 5.16190E-03 6.34561E+03 5.05606E+00 1.97130E+03 7.49654E+05 2.95829E+03 6.96861E+00 1.87672E+03 1.32608E+03 3.12587E+00 
1.08643E+00 4.96831E-03 5.95221E+03 4.86580E+00 1.89157E+03 7.03168E+05 2.88086E+03 6.78680E+00 1.78663E+03 1.26241E+03 2.97606E+00 
1.11174E+00 4.78817E-03 5.58738E+03 4.68881E+00 1.81641E+03 6.60053E+05 2.80842E+03 6.61670E+00 1.70268E+03 1.20307E+03 2.83644E+00 
1.13764E+00 4.62024E-03 5.24849E+03 4.52384E+00 1.74540E+03 6.20010E+05 2.74054E+03 6.45722E+00 1.62430E+03 1.14767E+03 2.70606E+00 
1.16413E+00 4.46340E-03 4.93326E+03 4.36980E+00 1.67822E+03 5.82760E+05 2.67677E+03 6.30742E+00 1.55099E+03 1.09585E+03 2.58409E+00 
1.19125E+00 4.31668E-03 4.63969E+03 4.22573E+00 1.61455E+03 5.48079E+05 2.61679E+03 6.16645E+00 1.48229E+03 1.04730E+03 2.46977E+00 
1.21900E+00 4.17921E-03 4.36593E+03 4.09076E+00 1.55411E+03 5.15731E+05 2.56024E+03 6.03355E+00 1.41781E+03 1.00172E+03 2.36247E+00 
1.24739E+00 4.05026E-03 4.11071E+03 3.96416E+00 1.49679E+03 4.85557E+05 2.50688E+03 5.90822E+00 1.35722E+03 9.58890E+02 2.26164E+00 
1.27645E+00 3.92922E-03 3.87338E+03 3.84533E+00 1.44269E+03 4.57485E+05 2.45665E+03 5.79030E+00 1.30029E+03 9.18654E+02 2.16693E+00 
1.30618E+00 3.81560E-03 3.65354E+03 3.73378E+00 1.39199E+03 4.31479E+05 2.40959E+03 5.67986E+00 1.24688E+03 8.80901E+02 2.07809E+00 
1.33661E+00 3.70892E-03 3.45063E+03 3.62906E+00 1.34479E+03 4.07479E+05 2.36574E+03 5.57698E+00 1.19685E+03 8.45536E+02 1.99486E+00 
1.36774E+00 3.60876E-03 3.26367E+03 3.53074E+00 1.30106E+03 3.85368E+05 2.32506E+03 5.48156E+00 1.15000E+03 8.12426E+02 1.91694E+00 
1.39960E+00 3.51470E-03 3.09158E+03 3.43841E+00 1.26068E+03 3.65013E+05 2.28749E+03 5.39347E+00 1.10616E+03 7.81441E+02 1.84402E+00 
1.43220E+00 3.42639E-03 2.93346E+03 3.35172E+00 1.22357E+03 3.46305E+05 2.25300E+03 5.31269E+00 1.06518E+03 7.52475E+02 1.77587E+00 
1.46556E+00 3.34353E-03 2.78844E+03 3.27037E+00 1.18970E+03 3.29151E+05 2.22162E+03 5.23925E+00 1.02693E+03 7.25437E+02 1.71226E+00 
1.49970E+00 3.26581E-03 2.65563E+03 3.19409E+00 1.15895E+03 3.13444E+05 2.19336E+03 5.17313E+00 9.91272E+02 7.00233E+02 1.65295E+00 
1.53463E+00 3.19296E-03 2.53399E+03 3.12257E+00 1.13115E+03 2.99060E+05 2.16813E+03 5.11415E+00 9.58043E+02 6.76747E+02 1.59769E+00 
1.57037E+00 3.12468E-03 2.42256E+03 3.05554E+00 1.10612E+03 2.85882E+05 2.14586E+03 5.06215E+00 9.27091E+02 6.54871E+02 1.54622E+00 
1.60695E+00 3.06075E-03 2.32050E+03 2.99277E+00 1.08372E+03 2.73812E+05 2.12651E+03 5.01704E+00 8.98284E+02 6.34511E+02 1.49833E+00 
1.64438E+00 3.00097E-03 2.22713E+03 2.93407E+00 1.06385E+03 2.62769E+05 2.11006E+03 4.97879E+00 8.71511E+02 6.15588E+02 1.45382E+00 
1.68269E+00 2.94513E-03 2.14177E+03 2.87924E+00 1.04643E+03 2.52677E+05 2.09650E+03 4.94734E+00 8.46664E+02 5.98028E+02 1.41250E+00 
1.72188E+00 2.89304E-03 2.06374E+03 2.82810E+00 1.03129E+03 2.43452E+05 2.08579E+03 4.92257E+00 8.23621E+02 5.81742E+02 1.37419E+00 
1.76199E+00 2.84450E-03 1.99234E+03 2.78043E+00 1.01830E+03 2.35014E+05 2.07782E+03 4.90428E+00 8.02257E+02 5.66644E+02 1.33867E+00 
1.80303E+00 2.79931E-03 1.92693E+03 2.73605E+00 1.00730E+03 2.27284E+05 2.07251E+03 4.89224E+00 7.82448E+02 5.52645E+02 1.30573E+00 
1.84503E+00 2.75729E-03 1.86694E+03 2.69478E+00 9.98154E+02 2.20194E+05 2.06977E+03 4.88625E+00 7.64083E+02 5.39666E+02 1.27519E+00 
1.88801E+00 2.71827E-03 1.81188E+03 2.65645E+00 9.90746E+02 2.13688E+05 2.06954E+03 4.88617E+00 7.47062E+02 5.27637E+02 1.24688E+00 
1.93198E+00 2.68209E-03 1.76129E+03 2.62092E+00 9.84971E+02 2.07711E+05 2.07174E+03 4.89183E+00 7.31290E+02 5.16491E+02 1.22065E+00 
1.97698E+00 2.64860E-03 1.71474E+03 2.58802E+00 9.80722E+02 2.02213E+05 2.07630E+03 4.90305E+00 7.16675E+02 5.06162E+02 1.19635E+00 
2.02303E+00 2.61767E-03 1.67189E+03 2.55762E+00 9.77917E+02 1.97151E+05 2.08317E+03 4.91971E+00 7.03135E+02 4.96594E+02 1.17383E+00 
2.07016E+00 2.58917E-03 1.63245E+03 2.52961E+00 9.76501E+02 1.92490E+05 2.09231E+03 4.94176E+00 6.90608E+02 4.87741E+02 1.15301E+00 
2.11838E+00 2.56301E-03 1.59617E+03 2.50389E+00 9.76439E+02 1.88204E+05 2.10374E+03 4.96919E+00 6.79036E+02 4.79563E+02 1.13377E+00 
2.16772E+00 2.53908E-03 1.56284E+03 2.48036E+00 9.77700E+02 1.84266E+05 2.11744E+03 5.00201E+00 6.68369E+02 4.72025E+02 1.11604E+00 
2.21821E+00 2.51730E-03 1.53224E+03 2.45894E+00 9.80251E+02 1.80651E+05 2.13343E+03 5.04020E+00 6.58554E+02 4.65089E+02 1.09972E+00 
2.26988E+00 2.49756E-03 1.50416E+03 2.43952E+00 9.84046E+02 1.77335E+05 2.15166E+03 5.08371E+00 6.49539E+02 4.58718E+02 1.08473E+00 
2.32275E+00 2.47976E-03 1.47838E+03 2.42200E+00 9.89036E+02 1.74291E+05 2.17212E+03 5.13246E+00 6.41268E+02 4.52873E+02 1.07098E+00 
2.37686E+00 2.46382E-03 1.45472E+03 2.40629E+00 9.95178E+02 1.71496E+05 2.19478E+03 5.18643E+00 6.33692E+02 4.47518E+02 1.05839E+00 
2.43222E+00 2.44964E-03 1.43302E+03 2.39232E+00 1.00245E+03 1.68933E+05 2.21965E+03 5.24560E+00 6.26771E+02 4.42627E+02 1.04689E+00 
2.48888E+00 2.43717E-03 1.41316E+03 2.38002E+00 1.01084E+03 1.66587E+05 2.24674E+03 5.31006E+00 6.20474E+02 4.38177E+02 1.03643E+00 
2.54685E+00 2.42636E-03 1.39506E+03 2.36935E+00 1.02037E+03 1.64448E+05 2.27609E+03 5.37989E+00 6.14775E+02 4.34149E+02 1.02697E+00 
2.60617E+00 2.41716E-03 1.37862E+03 2.36024E+00 1.03104E+03 1.62506E+05 2.30777E+03 5.45520E+00 6.09650E+02 4.30526E+02 1.01846E+00 
2.66688E+00 2.40952E-03 1.36376E+03 2.35267E+00 1.04287E+03 1.60751E+05 2.34181E+03 5.53613E+00 6.05077E+02 4.27294E+02 1.01088E+00 
2.72900E+00 2.40339E-03 1.35041E+03 2.34657E+00 1.05586E+03 1.59173E+05 2.37827E+03 5.62276E+00 6.01033E+02 4.24436E+02 1.00417E+00 
2.79257E+00 2.39871E-03 1.33847E+03 2.34190E+00 1.07002E+03 1.57763E+05 2.41718E+03 5.71520E+00 5.97493E+02 4.21933E+02 9.98304E-01 
2.85761E+00 2.39544E-03 1.32787E+03 2.33860E+00 1.08535E+03 1.56510E+05 2.45857E+03 5.81352E+00 5.94432E+02 4.19769E+02 9.93235E-01 
2.92417E+00 2.39352E-03 1.31852E+03 2.33664E+00 1.10186E+03 1.55405E+05 2.50248E+03 5.91781E+00 5.91827E+02 4.17927E+02 9.88926E-01 
2.99229E+00 2.39292E-03 1.31036E+03 2.33595E+00 1.11955E+03 1.54441E+05 2.54896E+03 6.02820E+00 5.89659E+02 4.16393E+02 9.85345E-01 
3.06199E+00 2.39359E-03 1.30333E+03 2.33651E+00 1.13845E+03 1.53610E+05 2.59806E+03 6.14482E+00 5.87909E+02 4.15156E+02 9.82462E-01 
3.13331E+00 2.39549E-03 1.29738E+03 2.33829E+00 1.15858E+03 1.52906E+05 2.64985E+03 6.26781E+00 5.86563E+02 4.14203E+02 9.80251E-01 
3.20629E+00 2.39861E-03 1.29248E+03 2.34124E+00 1.17996E+03 1.52325E+05 2.70440E+03 6.39735E+00 5.85607E+02 4.13526E+02 9.78691E-01 
3.28098E+00 2.40290E-03 1.28857E+03 2.34534E+00 1.20263E+03 1.51862E+05 2.76179E+03 6.53363E+00 5.85029E+02 4.13115E+02 9.77762E-01 
3.35740E+00 2.40833E-03 1.28563E+03 2.35057E+00 1.22662E+03 1.51513E+05 2.82209E+03 6.67684E+00 5.84817E+02 4.12964E+02 9.77443E-01 
3.43561E+00 2.41488E-03 1.28361E+03 2.35688E+00 1.25195E+03 1.51274E+05 2.88539E+03 6.82716E+00 5.84959E+02 4.13063E+02 9.77715E-01 
3.51563E+00 2.42252E-03 1.28249E+03 2.36426E+00 1.27866E+03 1.51140E+05 2.95176E+03 6.98476E+00 5.85442E+02 4.13403E+02 9.78553E-01 
3.59752E+00 2.43120E-03 1.28221E+03 2.37266E+00 1.30678E+03 1.51105E+05 3.02125E+03 7.14979E+00 5.86250E+02 4.13972E+02 9.79934E-01 
3.68132E+00 2.44089E-03 1.28273E+03 2.38205E+00 1.33631E+03 1.51165E+05 3.09394E+03 7.32240E+00 5.87370E+02 4.14761E+02 9.81833E-01 
3.76707E+00 2.45155E-03 1.28401E+03 2.39240E+00 1.36728E+03 1.51314E+05 3.16988E+03 7.50276E+00 5.88788E+02 4.15761E+02 9.84229E-01 
3.85481E+00 2.46316E-03 1.28601E+03 2.40367E+00 1.39972E+03 1.51549E+05 3.24915E+03 7.69104E+00 5.90490E+02 4.16962E+02 9.87100E-01 
3.94460E+00 2.47569E-03 1.28870E+03 2.41583E+00 1.43366E+03 1.51865E+05 3.33183E+03 7.88742E+00 5.92466E+02 4.18356E+02 9.90427E-01 
4.03649E+00 2.48910E-03 1.29204E+03 2.42886E+00 1.46912E+03 1.52258E+05 3.41799E+03 8.09209E+00 5.94704E+02 4.19935E+02 9.94191E-01 
4.13051E+00 2.50336E-03 1.29602E+03 2.44273E+00 1.50614E+03 1.52726E+05 3.50771E+03 8.30525E+00 5.97196E+02 4.21693E+02 9.98378E-01 
4.22672E+00 2.51847E-03 1.30060E+03 2.45742E+00 1.54476E+03 1.53264E+05 3.60109E+03 8.52713E+00 5.99932E+02 4.23624E+02 1.00297E+00 
4.32517E+00 2.53439E-03 1.30576E+03 2.47291E+00 1.58502E+03 1.53872E+05 3.69823E+03 8.75796E+00 6.02905E+02 4.25722E+02 1.00796E+00 
4.42592E+00 2.55111E-03 1.31149E+03 2.48918E+00 1.62695E+03 1.54546E+05 3.79923E+03 8.99799E+00 6.06108E+02 4.27983E+02 1.01334E+00 
4.52901E+00 2.56861E-03 1.31777E+03 2.50621E+00 1.67062E+03 1.55285E+05 3.90419E+03 9.24748E+00 6.09534E+02 4.30402E+02 1.01908E+00 
4.63450E+00 2.58687E-03 1.32457E+03 2.52399E+00 1.71605E+03 1.56087E+05 4.01322E+03 9.50669E+00 6.13179E+02 4.32975E+02 1.02519E+00 
4.74246E+00 2.60587E-03 1.33190E+03 2.54248E+00 1.76331E+03 1.56949E+05 4.12644E+03 9.77588E+00 6.17034E+02 4.35696E+02 1.03166E+00 
4.85292E+00 2.62560E-03 1.33972E+03 2.56169E+00 1.81244E+03 1.57870E+05 4.24394E+03 1.00553E+01 6.21094E+02 4.38562E+02 1.03846E+00 
4.96596E+00 2.64603E-03 1.34802E+03 2.58159E+00 1.86347E+03 1.58847E+05 4.36584E+03 1.03453E+01 6.25352E+02 4.41568E+02 1.04559E+00 
5.08163E+00 2.66714E-03 1.35678E+03 2.60216E+00 1.91647E+03 1.59880E+05 4.49226E+03 1.06460E+01 6.29801E+02 4.44709E+02 1.05305E+00 
5.20000E+00 2.68893E-03 1.36599E+03 2.62338E+00 1.97148E+03 1.60965E+05 4.62330E+03 1.09578E+01 6.34436E+02 4.47982E+02 1.06081E+00 
5.32112E+00 2.71136E-03 1.37563E+03 2.64524E+00 2.02855E+03 1.62100E+05 4.75907E+03 1.12810E+01 6.39251E+02 4.51381E+02 1.06887E+00 
5.44507E+00 2.73444E-03 1.38568E+03 2.66772E+00 2.08772E+03 1.63284E+05 4.89971E+03 1.16157E+01 6.44239E+02 4.54902E+02 1.07722E+00 
5.57190E+00 2.75813E-03 1.39613E+03 2.69081E+00 2.14905E+03 1.64515E+05 5.04531E+03 1.19624E+01 6.49394E+02 4.58542E+02 1.08585E+00 
5.70169E+00 2.78242E-03 1.40696E+03 2.71449E+00 2.21258E+03 1.65791E+05 5.19600E+03 1.23213E+01 6.54711E+02 4.62295E+02 1.09475E+00 
5.83450E+00 2.80731E-03 1.41816E+03 2.73874E+00 2.27837E+03 1.67110E+05 5.35190E+03 1.26927E+01 6.60183E+02 4.66159E+02 1.10391E+00 
5.97040E+00 2.83277E-03 1.42970E+03 2.76355E+00 2.34646E+03 1.68470E+05 5.51313E+03 1.30769E+01 6.65806E+02 4.70129E+02 1.11332E+00 
6.10947E+00 2.85879E-03 1.44158E+03 2.78892E+00 2.41691E+03 1.69870E+05 5.67983E+03 1.34743E+01 6.71575E+02 4.74202E+02 1.12298E+00 
6.25178E+00 2.88537E-03 1.45379E+03 2.81483E+00 2.48978E+03 1.71308E+05 5.85215E+03 1.38852E+01 6.77487E+02 4.78376E+02 1.13287E+00 
6.39740E+00 2.91250E-03 1.46631E+03 2.84128E+00 2.56514E+03 1.72784E+05 6.03021E+03 1.43099E+01 6.83539E+02 4.82649E+02 1.14300E+00 
6.54641E+00 2.94016E-03 1.47915E+03 2.86825E+00 2.64304E+03 1.74296E+05 6.21418E+03 1.47489E+01 6.89727E+02 4.87018E+02 1.15335E+00 
6.69890E+00 2.96836E-03 1.49228E+03 2.89574E+00 2.72355E+03 1.75844E+05 6.40422E+03 1.52025E+01 6.96049E+02 4.91482E+02 1.16393E+00 
6.85494E+00 2.99709E-03 1.50572E+03 2.92375E+00 2.80675E+03 1.77427E+05 6.60048E+03 1.56711E+01 7.02504E+02 4.96040E+02 1.17473E+00 
7.01461E+00 3.02635E-03 1.51944E+03 2.95228E+00 2.89271E+03 1.79044E+05 6.80314E+03 1.61552E+01 7.09090E+02 5.00689E+02 1.18575E+00 
7.17800E+00 3.05614E-03 1.53345E+03 2.98132E+00 2.98151E+03 1.80694E+05 7.01237E+03 1.66552E+01 7.15805E+02 5.05431E+02 1.19698E+00 
7.34520E+00 3.08644E-03 1.54775E+03 3.01087E+00 3.07322E+03 1.82379E+05 7.22835E+03 1.71716E+01 7.22649E+02 5.10263E+02 1.20843E+00 
7.51629E+00 3.11727E-03 1.56233E+03 3.04093E+00 3.16794E+03 1.84096E+05 7.45129E+03 1.77048E+01 7.29620E+02 5.15185E+02 1.22010E+00 
7.69136E+00 3.14862E-03 1.57719E+03 3.07150E+00 3.26575E+03 1.85847E+05 7.68137E+03 1.82553E+01 7.36720E+02 5.20198E+02 1.23197E+00 
7.87052E+00 3.18050E-03 1.59233E+03 3.10258E+00 3.36673E+03 1.87631E+05 7.91881E+03 1.88238E+01 7.43948E+02 5.25302E+02 1.24407E+00 
8.05385E+00 3.21290E-03 1.60775E+03 3.13418E+00 3.47100E+03 1.89449E+05 8.16380E+03 1.94106E+01 7.51305E+02 5.30496E+02 1.25637E+00 
8.24144E+00 3.24583E-03 1.62346E+03 3.16628E+00 3.57864E+03 1.91299E+05 8.41658E+03 2.00164E+01 7.58789E+02 5.35781E+02 1.26889E+00 
8.43341E+00 3.27929E-03 1.63945E+03 3.19891E+00 3.68977E+03 1.93183E+05 8.67735E+03 2.06417E+01 7.66403E+02 5.41157E+02 1.28163E+00 
8.62985E+00 3.31327E-03 1.65572E+03 3.23205E+00 3.80447E+03 1.95100E+05 8.94636E+03 2.12871E+01 7.74146E+02 5.46624E+02 1.29458E+00 
8.83087E+00 3.34779E-03 1.67228E+03 3.26571E+00 3.92286E+03 1.97051E+05 9.22383E+03 2.19532E+01 7.82019E+02 5.52183E+02 1.30775E+00 
9.03656E+00 3.38284E-03 1.68912E+03 3.29990E+00 4.04505E+03 1.99036E+05 9.50999E+03 2.26405E+01 7.90022E+02 5.57833E+02 1.32114E+00 
9.24705E+00 3.41843E-03 1.70625E+03 3.33460E+00 4.17115E+03 2.01054E+05 9.80509E+03 2.33498E+01 7.98155E+02 5.63575E+02 1.33474E+00 
9.46244E+00 3.45456E-03 1.72366E+03 3.36983E+00 4.30126E+03 2.03106E+05 1.01094E+04 2.40816E+01 8.06418E+02 5.69410E+02 1.34857E+00 
9.68285E+00 3.49122E-03 1.74137E+03 3.40558E+00 4.43551E+03 2.05192E+05 1.04231E+04 2.48367E+01 8.14811E+02 5.75336E+02 1.36261E+00 
9.90840E+00 3.52842E-03 1.75935E+03 3.44186E+00 4.57402E+03 2.07311E+05 1.07465E+04 2.56155E+01 8.23336E+02 5.81355E+02 1.37686E+00 
1.01392E+01 3.56617E-03 1.77763E+03 3.47867E+00 4.71690E+03 2.09464E+05 1.10798E+04 2.64189E+01 8.31991E+02 5.87467E+02 1.39134E+00 
1.03754E+01 3.60446E-03 1.79619E+03 3.51601E+00 4.86429E+03 2.11651E+05 1.14233E+04 2.72476E+01 8.40778E+02 5.93671E+02 1.40604E+00 
1.06170E+01 3.64329E-03 1.81503E+03 3.55389E+00 5.01630E+03 2.13872E+05 1.17773E+04 2.81022E+01 8.49696E+02 5.99968E+02 1.42096E+00 
1.08643E+01 3.68267E-03 1.83417E+03 3.59230E+00 5.17306E+03 2.16127E+05 1.21421E+04 2.89835E+01 8.58746E+02 6.06358E+02 1.43609E+00 
1.11174E+01 3.72260E-03 1.85359E+03 3.63124E+00 5.33472E+03 2.18415E+05 1.25179E+04 2.98922E+01 8.67928E+02 6.12841E+02 1.45145E+00 
1.13764E+01 3.76309E-03 1.87331E+03 3.67072E+00 5.50141E+03 2.20738E+05 1.29050E+04 3.08291E+01 8.77243E+02 6.19418E+02 1.46703E+00 
1.16413E+01 3.80413E-03 1.89331E+03 3.71075E+00 5.67326E+03 2.23095E+05 1.33037E+04 3.17949E+01 8.86691E+02 6.26089E+02 1.48284E+00 
1.19125E+01 3.84573E-03 1.91360E+03 3.75132E+00 5.85043E+03 2.25486E+05 1.37144E+04 3.27906E+01 8.96273E+02 6.32855E+02 1.49886E+00 
1.21900E+01 3.88789E-03 1.93418E+03 3.79244E+00 6.03306E+03 2.27911E+05 1.41372E+04 3.38169E+01 9.05989E+02 6.39715E+02 1.51511E+00 
1.24739E+01 3.93061E-03 1.95506E+03 3.83411E+00 6.22129E+03 2.30371E+05 1.45725E+04 3.48746E+01 9.15839E+02 6.46670E+02 1.53159E+00 
