5.50000E+00 4.04335E-02 4.04350E-02 4.04350E-02 4.04350E-02 4.04350E-02 4.04350E-02 4.04350E-02 4.04350E-02 4.04350E-02 4.04307E-02 
5.81250E+00 1.00437E-02 1.00437E-02 1.00437E-02 1.00437E-02 1.00437E-02 1.00437E-02 1.00437E-02 1.00437E-02 1.00437E-02 1.00437E-02 
6.14275E+00 2.79130E-03 2.79130E-03 2.79130E-03 2.79130E-03 2.79130E-03 2.79130E-03 2.79130E-03 2.79130E-03 2.79130E-03 2.79130E-03 
6.49176E+00 1.17599E-03 1.17599E-03 1.17599E-03 1.17599E-03 1.17599E-03 1.17599E-03 1.17599E-03 1.17599E-03 1.17599E-03 1.17599E-03 
6.86061E+00 6.31572E-04 6.31572E-04 6.31572E-04 6.31572E-04 6.31572E-04 6.31572E-04 6.31572E-04 6.31572E-04 6.31572E-04 6.31572E-04 
7.25041E+00 3.86720E-04 3.86720E-04 3.86720E-04 3.86720E-04 3.86720E-04 3.86720E-04 3.86720E-04 3.86720E-04 3.86720E-04 3.86720E-04 
7.66236E+00 2.57209E-04 2.57209E-04 2.57209E-04 2.57209E-04 2.57209E-04 2.57209E-04 2.57209E-04 2.57209E-04 2.57209E-04 2.57209E-04 
8.09772E+00 1.82721E-04 1.82721E-04 1.82721E-04 1.82721E-04 1.82721E-04 1.82721E-04 1.82721E-04 1.82721E-04 1.82721E-04 1.82721E-04 
8.55781E+00 1.36097E-04 1.36097E-04 1.36097E-04 1.36097E-04 1.36097E-04 1.36097E-04 1.36097E-04 1.36097E-04 1.36097E-04 1.36097E-04 
9.04404E+00 1.04881E-04 1.04881E-04 1.04881E-04 1.04881E-04 1.04881E-04 1.04881E-04 1.04881E-04 1.04881E-04 1.04881E-04 1.04881E-04 
9.55790E+00 8.30545E-05 8.30545E-05 8.30545E-05 8.30545E-05 8.30545E-05 8.30545E-05 8.30545E-05 8.30545E-05 8.30545E-05 8.30545E-05 
1.01010E+01 6.72779E-05 6.72779E-05 6.72779E-05 6.72779E-05 6.72779E-05 6.72779E-05 6.72779E-05 6.72779E-05 6.72779E-05 6.72779E-05 
1.06749E+01 5.55901E-05 5.55901E-05 5.55901E-05 5.55901E-05 5.55901E-05 5.55901E-05 5.55901E-05 5.55901E-05 5.55901E-05 5.55901E-05 
1.12814E+01 4.67488E-05 4.67488E-05 4.67488E-05 4.67488E-05 4.67488E-05 4.67488E-05 4.67488E-05 4.67488E-05 4.67488E-05 4.67488E-05 
1.19224E+01 3.99314E-05 3.99314E-05 3.99314E-05 3.99314E-05 3.99314E-05 3.99314E-05 3.99314E-05 3.99314E-05 3.99314E-05 3.99314E-05 
1.25998E+01 3.45911E-05 3.45911E-05 3.45911E-05 3.45911E-05 3.45911E-05 3.45911E-05 3.45911E-05 3.45911E-05 3.45911E-05 3.45911E-05 
1.33157E+01 3.03421E-05 3.03421E-05 3.03421E-05 3.03421E-05 3.03421E-05 3.03421E-05 3.03421E-05 3.03421E-05 3.03421E-05 3.03421E-05 
1.40722E+01 2.69162E-05 2.69162E-05 2.69162E-05 2.69162E-05 2.69162E-05 2.69162E-05 2.69162E-05 2.69162E-05 2.69162E-05 2.69162E-05 
1.48718E+01 2.41410E-05 2.41410E-05 2.41410E-05 2.41410E-05 2.41410E-05 2.41410E-05 2.41410E-05 2.41410E-05 2.41410E-05 2.41410E-05 
1.57167E+01 2.18411E-05 2.18411E-05 2.18411E-05 2.18411E-05 2.18411E-05 2.18411E-05 2.18411E-05 2.18411E-05 2.18411E-05 2.18411E-05 
1.66097E+01 1.99494E-05 1.99494E-05 1.99494E-05 1.99494E-05 1.99494E-05 1.99494E-05 1.99494E-05 1.99494E-05 1.99494E-05 1.99494E-05 
1.75535E+01 1.83643E-05 1.83643E-05 1.83643E-05 1.83643E-05 1.83643E-05 1.83643E-05 1.83643E-05 1.83643E-05 1.83643E-05 1.83643E-05 
1.85508E+01 1.70319E-05 1.70319E-05 1.70319E-05 1.70319E-05 1.70319E-05 1.70319E-05 1.70319E-05 1.70319E-05 1.70319E-05 1.70319E-05 
1.96048E+01 1.59059E-05 1.59059E-05 1.59059E-05 1.59059E-05 1.59059E-05 1.59059E-05 1.59059E-05 1.59059E-05 1.59059E-05 1.59059E-05 
2.07187E+01 1.49500E-05 1.49500E-05 1.49500E-05 1.49500E-05 1.49500E-05 1.49500E-05 1.49500E-05 1.49500E-05 1.49500E-05 1.49500E-05 
2.18959E+01 1.41357E-05 1.41357E-05 1.41357E-05 1.41357E-05 1.41357E-05 1.41357E-05 1.41357E-05 1.41357E-05 1.41357E-05 1.41357E-05 
2.31400E+01 1.34403E-05 1.34403E-05 1.34403E-05 1.34403E-05 1.34403E-05 1.34403E-05 1.34403E-05 1.34403E-05 1.34403E-05 1.34403E-05 
2.44547E+01 1.28460E-05 1.28460E-05 1.28460E-05 1.28460E-05 1.28460E-05 1.28460E-05 1.28460E-05 1.28460E-05 1.28460E-05 1.28460E-05 
2.58442E+01 1.23379E-05 1.23379E-05 1.23379E-05 1.23379E-05 1.23379E-05 1.23379E-05 1.23379E-05 1.23379E-05 1.23379E-05 1.23379E-05 
2.73126E+01 1.19044E-05 1.19044E-05 1.19044E-05 1.19044E-05 1.19044E-05 1.19044E-05 1.19044E-05 1.19044E-05 1.19044E-05 1.19044E-05 
2.88644E+01 1.15381E-05 1.15381E-05 1.15381E-05 1.15381E-05 1.15381E-05 1.15381E-05 1.15381E-05 1.15381E-05 1.15381E-05 1.15381E-05 
3.05044E+01 1.12286E-05 1.12286E-05 1.12286E-05 1.12286E-05 1.12286E-05 1.12286E-05 1.12286E-05 1.12286E-05 1.12286E-05 1.12286E-05 
3.22376E+01 1.09704E-05 1.09704E-05 1.09704E-05 1.09704E-05 1.09704E-05 1.09704E-05 1.09704E-05 1.09704E-05 1.09704E-05 1.09704E-05 
3.40693E+01 1.07592E-05 1.07592E-05 1.07592E-05 1.07592E-05 1.07592E-05 1.07592E-05 1.07592E-05 1.07592E-05 1.07592E-05 1.07592E-05 
3.60050E+01 1.05896E-05 1.05896E-05 1.05896E-05 1.05896E-05 1.05896E-05 1.05896E-05 1.05896E-05 1.05896E-05 1.05896E-05 1.05896E-05 
3.80507E+01 1.04557E-05 1.04557E-05 1.04557E-05 1.04557E-05 1.04557E-05 1.04557E-05 1.04557E-05 1.04557E-05 1.04557E-05 1.04557E-05 
4.02126E+01 1.03577E-05 1.03577E-05 1.03577E-05 1.03577E-05 1.03577E-05 1.03577E-05 1.03577E-05 1.03577E-05 1.03577E-05 1.03577E-05 
4.24974E+01 1.02910E-05 1.02910E-05 1.02910E-05 1.02910E-05 1.02910E-05 1.02910E-05 1.02910E-05 1.02910E-05 1.02910E-05 1.02910E-05 
4.49120E+01 1.02530E-05 1.02530E-05 1.02530E-05 1.02530E-05 1.02530E-05 1.02530E-05 1.02530E-05 1.02530E-05 1.02530E-05 1.02530E-05 
4.74638E+01 1.02412E-05 1.02412E-05 1.02412E-05 1.02412E-05 1.02412E-05 1.02412E-05 1.02412E-05 1.02412E-05 1.02412E-05 1.02412E-05 
5.01606E+01 1.02540E-05 1.02540E-05 1.02540E-05 1.02540E-05 1.02540E-05 1.02540E-05 1.02540E-05 1.02540E-05 1.02540E-05 1.02540E-05 
5.30106E+01 1.02898E-05 1.02898E-05 1.02898E-05 1.02898E-05 1.02898E-05 1.02898E-05 1.02898E-05 1.02898E-05 1.02898E-05 1.02898E-05 
5.60225E+01 1.03468E-05 1.03468E-05 1.03468E-05 1.03468E-05 1.03468E-05 1.03468E-05 1.03468E-05 1.03468E-05 1.03468E-05 1.03468E-05 
5.92056E+01 1.04238E-05 1.04238E-05 1.04238E-05 1.04238E-05 1.04238E-05 1.04238E-05 1.04238E-05 1.04238E-05 1.04238E-05 1.04238E-05 
6.25695E+01 1.05197E-05 1.05197E-05 1.05197E-05 1.05197E-05 1.05197E-05 1.05197E-05 1.05197E-05 1.05197E-05 1.05197E-05 1.05197E-05 
6.61245E+01 1.06335E-05 1.06335E-05 1.06335E-05 1.06335E-05 1.06335E-05 1.06335E-05 1.06335E-05 1.06335E-05 1.06335E-05 1.06335E-05 
6.98816E+01 1.07645E-05 1.07645E-05 1.07645E-05 1.07645E-05 1.07645E-05 1.07645E-05 1.07645E-05 1.07645E-05 1.07645E-05 1.07645E-05 
7.38521E+01 1.09119E-05 1.09119E-05 1.09119E-05 1.09119E-05 1.09119E-05 1.09119E-05 1.09119E-05 1.09119E-05 1.09119E-05 1.09119E-05 
7.80482E+01 1.10752E-05 1.10752E-05 1.10752E-05 1.10752E-05 1.10752E-05 1.10752E-05 1.10752E-05 1.10752E-05 1.10752E-05 1.10752E-05 
8.24827E+01 1.12538E-05 1.12538E-05 1.12538E-05 1.12538E-05 1.12538E-05 1.12538E-05 1.12538E-05 1.12538E-05 1.12538E-05 1.12538E-05 
8.71691E+01 1.14472E-05 1.14472E-05 1.14472E-05 1.14472E-05 1.14472E-05 1.14472E-05 1.14472E-05 1.14472E-05 1.14472E-05 1.14472E-05 
9.21219E+01 1.16550E-05 1.16550E-05 1.16550E-05 1.16550E-05 1.16550E-05 1.16550E-05 1.16550E-05 1.16550E-05 1.16550E-05 1.16550E-05 
9.73560E+01 1.18769E-05 1.18769E-05 1.18769E-05 1.18769E-05 1.18769E-05 1.18769E-05 1.18769E-05 1.18769E-05 1.18769E-05 1.18769E-05 
1.02888E+02 1.21126E-05 1.21126E-05 1.21126E-05 1.21126E-05 1.21126E-05 1.21126E-05 1.21126E-05 1.21126E-05 1.21126E-05 1.21126E-05 
1.08733E+02 1.23618E-05 1.23618E-05 1.23618E-05 1.23618E-05 1.23618E-05 1.23618E-05 1.23618E-05 1.23618E-05 1.23618E-05 1.23618E-05 
1.14911E+02 1.26242E-05 1.26242E-05 1.26242E-05 1.26242E-05 1.26242E-05 1.26242E-05 1.26242E-05 1.26242E-05 1.26242E-05 1.26242E-05 
1.21440E+02 1.28999E-05 1.28999E-05 1.28999E-05 1.28999E-05 1.28999E-05 1.28999E-05 1.28999E-05 1.28999E-05 1.28999E-05 1.28999E-05 
1.28340E+02 1.31885E-05 1.31885E-05 1.31885E-05 1.31885E-05 1.31885E-05 1.31885E-05 1.31885E-05 1.31885E-05 1.31885E-05 1.31885E-05 
1.35632E+02 1.34901E-05 1.34901E-05 1.34901E-05 1.34901E-05 1.34901E-05 1.34901E-05 1.34901E-05 1.34901E-05 1.34901E-05 1.34901E-05 
1.43338E+02 1.38046E-05 1.38046E-05 1.38046E-05 1.38046E-05 1.38046E-05 1.38046E-05 1.38046E-05 1.38046E-05 1.38046E-05 1.38046E-05 
1.51483E+02 1.41340E-05 1.41340E-05 1.41340E-05 1.41340E-05 1.41340E-05 1.41340E-05 1.41340E-05 1.41340E-05 1.41340E-05 1.41340E-05 
1.60089E+02 1.44744E-05 1.44744E-05 1.44744E-05 1.44744E-05 1.44744E-05 1.44744E-05 1.44744E-05 1.44744E-05 1.44744E-05 1.44744E-05 
1.69185E+02 1.48277E-05 1.48277E-05 1.48277E-05 1.48277E-05 1.48277E-05 1.48277E-05 1.48277E-05 1.48277E-05 1.48277E-05 1.48277E-05 
1.78798E+02 1.51941E-05 1.51941E-05 1.51941E-05 1.51941E-05 1.51941E-05 1.51941E-05 1.51941E-05 1.51941E-05 1.51941E-05 1.51941E-05 
1.88957E+02 1.55736E-05 1.55736E-05 1.55736E-05 1.55736E-05 1.55736E-05 1.55736E-05 1.55736E-05 1.55736E-05 1.55736E-05 1.55736E-05 
1.99693E+02 1.59664E-05 1.59664E-05 1.59664E-05 1.59664E-05 1.59664E-05 1.59664E-05 1.59664E-05 1.59664E-05 1.59664E-05 1.59664E-05 
2.11039E+02 1.63727E-05 1.63727E-05 1.63727E-05 1.63727E-05 1.63727E-05 1.63727E-05 1.63727E-05 1.63727E-05 1.63727E-05 1.63727E-05 
2.23030E+02 1.67927E-05 1.67927E-05 1.67927E-05 1.67927E-05 1.67927E-05 1.67927E-05 1.67927E-05 1.67927E-05 1.67927E-05 1.67927E-05 
2.35702E+02 1.72265E-05 1.72265E-05 1.72265E-05 1.72265E-05 1.72265E-05 1.72265E-05 1.72265E-05 1.72265E-05 1.72265E-05 1.72265E-05 
2.49094E+02 1.76744E-05 1.76744E-05 1.76744E-05 1.76744E-05 1.76744E-05 1.76744E-05 1.76744E-05 1.76744E-05 1.76744E-05 1.76744E-05 
2.63247E+02 1.81366E-05 1.81366E-05 1.81366E-05 1.81366E-05 1.81366E-05 1.81366E-05 1.81366E-05 1.81366E-05 1.81366E-05 1.81366E-05 
2.78204E+02 1.86135E-05 1.86135E-05 1.86135E-05 1.86135E-05 1.86135E-05 1.86135E-05 1.86135E-05 1.86135E-05 1.86135E-05 1.86135E-05 
2.94010E+02 1.91053E-05 1.91053E-05 1.91053E-05 1.91053E-05 1.91053E-05 1.91053E-05 1.91053E-05 1.91053E-05 1.91053E-05 1.91053E-05 
3.10715E+02 1.96122E-05 1.96122E-05 1.96122E-05 1.96122E-05 1.96122E-05 1.96122E-05 1.96122E-05 1.96122E-05 1.96122E-05 1.96122E-05 
3.28369E+02 2.01347E-05 2.01347E-05 2.01347E-05 2.01347E-05 2.01347E-05 2.01347E-05 2.01347E-05 2.01347E-05 2.01347E-05 2.01347E-05 
3.47027E+02 2.06731E-05 2.06731E-05 2.06731E-05 2.06731E-05 2.06731E-05 2.06731E-05 2.06731E-05 2.06731E-05 2.06731E-05 2.06731E-05 
3.66744E+02 2.12278E-05 2.12278E-05 2.12278E-05 2.12278E-05 2.12278E-05 2.12278E-05 2.12278E-05 2.12278E-05 2.12278E-05 2.12278E-05 
3.87581E+02 2.17990E-05 2.17990E-05 2.17990E-05 2.17990E-05 2.17990E-05 2.17990E-05 2.17990E-05 2.17990E-05 2.17990E-05 2.17990E-05 
4.09603E+02 2.23873E-05 2.23873E-05 2.23873E-05 2.23873E-05 2.23873E-05 2.23873E-05 2.23873E-05 2.23873E-05 2.23873E-05 2.23873E-05 
4.32875E+02 2.29931E-05 2.29931E-05 2.29931E-05 2.29931E-05 2.29931E-05 2.29931E-05 2.29931E-05 2.29931E-05 2.29931E-05 2.29931E-05 
4.57470E+02 2.36167E-05 2.36167E-05 2.36167E-05 2.36167E-05 2.36167E-05 2.36167E-05 2.36167E-05 2.36167E-05 2.36167E-05 2.36167E-05 
4.83462E+02 2.42613E-05 2.42613E-05 2.42613E-05 2.42613E-05 2.42613E-05 2.42613E-05 2.42613E-05 2.42613E-05 2.42613E-05 2.42613E-05 
5.10932E+02 2.49221E-05 2.49221E-05 2.49221E-05 2.49221E-05 2.49221E-05 2.49221E-05 2.49221E-05 2.49221E-05 2.49221E-05 2.49221E-05 
5.39961E+02 2.56021E-05 2.56021E-05 2.56021E-05 2.56021E-05 2.56021E-05 2.56021E-05 2.56021E-05 2.56021E-05 2.56021E-05 2.56021E-05 
5.70641E+02 2.63020E-05 2.63020E-05 2.63020E-05 2.63020E-05 2.63020E-05 2.63020E-05 2.63020E-05 2.63020E-05 2.63020E-05 2.63020E-05 
6.03063E+02 2.70221E-05 2.70221E-05 2.70221E-05 2.70221E-05 2.70221E-05 2.70221E-05 2.70221E-05 2.70221E-05 2.70221E-05 2.70221E-05 
6.37328E+02 2.77630E-05 2.77630E-05 2.77630E-05 2.77630E-05 2.77630E-05 2.77630E-05 2.77630E-05 2.77630E-05 2.77630E-05 2.77630E-05 
6.73539E+02 2.85253E-05 2.85253E-05 2.85253E-05 2.85253E-05 2.85253E-05 2.85253E-05 2.85253E-05 2.85253E-05 2.85253E-05 2.85253E-05 
7.11808E+02 2.93095E-05 2.93095E-05 2.93095E-05 2.93095E-05 2.93095E-05 2.93095E-05 2.93095E-05 2.93095E-05 2.93095E-05 2.93095E-05 
7.52251E+02 3.01163E-05 3.01163E-05 3.01163E-05 3.01163E-05 3.01163E-05 3.01163E-05 3.01163E-05 3.01163E-05 3.01163E-05 3.01163E-05 
7.94992E+02 3.09461E-05 3.09461E-05 3.09461E-05 3.09461E-05 3.09461E-05 3.09461E-05 3.09461E-05 3.09461E-05 3.09461E-05 3.09461E-05 
8.40161E+02 3.17998E-05 3.17998E-05 3.17998E-05 3.17998E-05 3.17998E-05 3.17998E-05 3.17998E-05 3.17998E-05 3.17998E-05 3.17998E-05 
8.87897E+02 3.26778E-05 3.26778E-05 3.26778E-05 3.26778E-05 3.26778E-05 3.26778E-05 3.26778E-05 3.26778E-05 3.26778E-05 3.26778E-05 
9.38345E+02 3.35808E-05 3.35808E-05 3.35808E-05 3.35808E-05 3.35808E-05 3.35808E-05 3.35808E-05 3.35808E-05 3.35808E-05 3.35808E-05 
9.91660E+02 3.45096E-05 3.45096E-05 3.45096E-05 3.45096E-05 3.45096E-05 3.45096E-05 3.45096E-05 3.45096E-05 3.45096E-05 3.45096E-05 
1.04800E+03 3.54648E-05 3.54648E-05 3.54648E-05 3.54648E-05 3.54648E-05 3.54648E-05 3.54648E-05 3.54648E-05 3.54648E-05 3.54648E-05 
1.10755E+03 3.64472E-05 3.64472E-05 3.64472E-05 3.64472E-05 3.64472E-05 3.64472E-05 3.64472E-05 3.64472E-05 3.64472E-05 3.64472E-05 
1.17048E+03 3.74574E-05 3.74574E-05 3.74574E-05 3.74574E-05 3.74574E-05 3.74574E-05 3.74574E-05 3.74574E-05 3.74574E-05 3.74574E-05 
1.23698E+03 3.84964E-05 3.84964E-05 3.84964E-05 3.84964E-05 3.84964E-05 3.84964E-05 3.84964E-05 3.84964E-05 3.84964E-05 3.84964E-05 
1.30726E+03 3.95647E-05 3.95647E-05 3.95647E-05 3.95647E-05 3.95647E-05 3.95647E-05 3.95647E-05 3.95647E-05 3.95647E-05 3.95647E-05 
1.38154E+03 4.06634E-05 4.06634E-05 4.06634E-05 4.06634E-05 4.06634E-05 4.06634E-05 4.06634E-05 4.06634E-05 4.06634E-05 4.06634E-05 
1.46003E+03 4.17931E-05 4.17931E-05 4.17931E-05 4.17931E-05 4.17931E-05 4.17931E-05 4.17931E-05 4.17931E-05 4.17931E-05 4.17931E-05 
1.54299E+03 4.29548E-05 4.29548E-05 4.29548E-05 4.29548E-05 4.29548E-05 4.29548E-05 4.29548E-05 4.29548E-05 4.29548E-05 4.29548E-05 
1.63066E+03 4.41493E-05 4.41493E-05 4.41493E-05 4.41493E-05 4.41493E-05 4.41493E-05 4.41493E-05 4.41493E-05 4.41493E-05 4.41493E-05 
1.72331E+03 4.53776E-05 4.53776E-05 4.53776E-05 4.53776E-05 4.53776E-05 4.53776E-05 4.53776E-05 4.53776E-05 4.53776E-05 4.53776E-05 
1.82122E+03 4.66406E-05 4.66406E-05 4.66406E-05 4.66406E-05 4.66406E-05 4.66406E-05 4.66406E-05 4.66406E-05 4.66406E-05 4.66406E-05 
1.92470E+03 4.79392E-05 4.79392E-05 4.79392E-05 4.79392E-05 4.79392E-05 4.79392E-05 4.79392E-05 4.79392E-05 4.79392E-05 4.79392E-05 
2.03405E+03 4.92744E-05 4.92744E-05 4.92744E-05 4.92744E-05 4.92744E-05 4.92744E-05 4.92744E-05 4.92744E-05 4.92744E-05 4.92744E-05 
2.14962E+03 5.06473E-05 5.06473E-05 5.06473E-05 5.06473E-05 5.06473E-05 5.06473E-05 5.06473E-05 5.06473E-05 5.06473E-05 5.06473E-05 
2.27176E+03 5.20589E-05 5.20589E-05 5.20589E-05 5.20589E-05 5.20589E-05 5.20589E-05 5.20589E-05 5.20589E-05 5.20589E-05 5.20589E-05 
2.40084E+03 5.35102E-05 5.35102E-05 5.35102E-05 5.35102E-05 5.35102E-05 5.35102E-05 5.35102E-05 5.35102E-05 5.35102E-05 5.35102E-05 
2.53725E+03 5.50025E-05 5.50025E-05 5.50025E-05 5.50025E-05 5.50025E-05 5.50025E-05 5.50025E-05 5.50025E-05 5.50025E-05 5.50025E-05 
2.68141E+03 5.65367E-05 5.65367E-05 5.65367E-05 5.65367E-05 5.65367E-05 5.65367E-05 5.65367E-05 5.65367E-05 5.65367E-05 5.65367E-05 
2.83376E+03 5.81142E-05 5.81142E-05 5.81142E-05 5.81142E-05 5.81142E-05 5.81142E-05 5.81142E-05 5.81142E-05 5.81142E-05 5.81142E-05 
2.99476E+03 5.97360E-05 5.97360E-05 5.97360E-05 5.97360E-05 5.97360E-05 5.97360E-05 5.97360E-05 5.97360E-05 5.97360E-05 5.97360E-05 
3.16492E+03 6.14034E-05 6.14034E-05 6.14034E-05 6.14034E-05 6.14034E-05 6.14034E-05 6.14034E-05 6.14034E-05 6.14034E-05 6.14034E-05 
3.34474E+03 6.31178E-05 6.31178E-05 6.31178E-05 6.31178E-05 6.31178E-05 6.31178E-05 6.31178E-05 6.31178E-05 6.31178E-05 6.31178E-05 
3.53478E+03 6.48803E-05 6.48803E-05 6.48803E-05 6.48803E-05 6.48803E-05 6.48803E-05 6.48803E-05 6.48803E-05 6.48803E-05 6.48803E-05 
3.73562E+03 6.66924E-05 6.66924E-05 6.66924E-05 6.66924E-05 6.66924E-05 6.66924E-05 6.66924E-05 6.66924E-05 6.66924E-05 6.66924E-05 
3.94787E+03 6.85554E-05 6.85554E-05 6.85554E-05 6.85554E-05 6.85554E-05 6.85554E-05 6.85554E-05 6.85554E-05 6.85554E-05 6.85554E-05 
4.17218E+03 7.04708E-05 7.04708E-05 7.04708E-05 7.04708E-05 7.04708E-05 7.04708E-05 7.04708E-05 7.04708E-05 7.04708E-05 7.04708E-05 
4.40923E+03 7.24400E-05 7.24400E-05 7.24400E-05 7.24400E-05 7.24400E-05 7.24400E-05 7.24400E-05 7.24400E-05 7.24400E-05 7.24400E-05 
4.65975E+03 7.44645E-05 7.44645E-05 7.44645E-05 7.44645E-05 7.44645E-05 7.44645E-05 7.44645E-05 7.44645E-05 7.44645E-05 7.44645E-05 
4.92451E+03 7.65459E-05 7.65459E-05 7.65459E-05 7.65459E-05 7.65459E-05 7.65459E-05 7.65459E-05 7.65459E-05 7.65459E-05 7.65459E-05 
5.20430E+03 7.86857E-05 7.86857E-05 7.86857E-05 7.86857E-05 7.86857E-05 7.86857E-05 7.86857E-05 7.86857E-05 7.86857E-05 7.86857E-05 
5.50000E+03 8.08856E-05 8.08856E-05 8.08856E-05 8.08856E-05 8.08856E-05 8.08856E-05 8.08856E-05 8.08856E-05 8.08856E-05 8.08856E-05 
5.81250E+03 8.31473E-05 8.31473E-05 8.31473E-05 8.31473E-05 8.31473E-05 8.31473E-05 8.31473E-05 8.31473E-05 8.31473E-05 8.31473E-05 
6.14275E+03 8.54724E-05 8.54724E-05 8.54724E-05 8.54724E-05 8.54724E-05 8.54724E-05 8.54724E-05 8.54724E-05 8.54724E-05 8.54724E-05 
6.49176E+03 8.78629E-05 8.78629E-05 8.78629E-05 8.78629E-05 8.78629E-05 8.78629E-05 8.78629E-05 8.78629E-05 8.78629E-05 8.78629E-05 
6.86061E+03 9.03204E-05 9.03204E-05 9.03204E-05 9.03204E-05 9.03204E-05 9.03204E-05 9.03204E-05 9.03204E-05 9.03204E-05 9.03204E-05 
7.25041E+03 9.28469E-05 9.28469E-05 9.28469E-05 9.28469E-05 9.28469E-05 9.28469E-05 9.28469E-05 9.28469E-05 9.28469E-05 9.28469E-05 
7.66236E+03 9.54443E-05 9.54443E-05 9.54443E-05 9.54443E-05 9.54443E-05 9.54443E-05 9.54443E-05 9.54443E-05 9.54443E-05 9.54443E-05 
8.09772E+03 9.81145E-05 9.81145E-05 9.81145E-05 9.81145E-05 9.81145E-05 9.81145E-05 9.81145E-05 9.81145E-05 9.81145E-05 9.81145E-05 
8.55781E+03 1.00860E-04 1.00860E-04 1.00860E-04 1.00860E-04 1.00860E-04 1.00860E-04 1.00860E-04 1.00860E-04 1.00860E-04 1.00860E-04 
9.04404E+03 1.03682E-04 1.03682E-04 1.03682E-04 1.03682E-04 1.03682E-04 1.03682E-04 1.03682E-04 1.03682E-04 1.03682E-04 1.03682E-04 
9.55790E+03 1.06583E-04 1.06583E-04 1.06583E-04 1.06583E-04 1.06583E-04 1.06583E-04 1.06583E-04 1.06583E-04 1.06583E-04 1.06583E-04 
