5.50000E+00 2.12187E-02 2.12195E-02 2.12195E-02 2.12195E-02 2.12195E-02 2.12195E-02 2.12195E-02 2.12195E-02 2.12195E-02 2.12173E-02 
5.81250E+00 4.63969E-03 4.63969E-03 4.63969E-03 4.63969E-03 4.63969E-03 4.63969E-03 4.63969E-03 4.63969E-03 4.63969E-03 4.63969E-03 
6.14275E+00 1.80596E-03 1.80596E-03 1.80596E-03 1.80596E-03 1.80596E-03 1.80596E-03 1.80596E-03 1.80596E-03 1.80596E-03 1.80596E-03 
6.49176E+00 8.86409E-04 8.86409E-04 8.86409E-04 8.86409E-04 8.86409E-04 8.86409E-04 8.86409E-04 8.86409E-04 8.86409E-04 8.86409E-04 
6.86061E+00 5.11574E-04 5.11574E-04 5.11574E-04 5.11574E-04 5.11574E-04 5.11574E-04 5.11574E-04 5.11574E-04 5.11574E-04 5.11574E-04 
7.25041E+00 3.26614E-04 3.26614E-04 3.26614E-04 3.26614E-04 3.26614E-04 3.26614E-04 3.26614E-04 3.26614E-04 3.26614E-04 3.26614E-04 
7.66236E+00 2.23230E-04 2.23230E-04 2.23230E-04 2.23230E-04 2.23230E-04 2.23230E-04 2.23230E-04 2.23230E-04 2.23230E-04 2.23230E-04 
8.09772E+00 1.61416E-04 1.61416E-04 1.61416E-04 1.61416E-04 1.61416E-04 1.61416E-04 1.61416E-04 1.61416E-04 1.61416E-04 1.61416E-04 
8.55781E+00 1.21751E-04 1.21751E-04 1.21751E-04 1.21751E-04 1.21751E-04 1.21751E-04 1.21751E-04 1.21751E-04 1.21751E-04 1.21751E-04 
9.04404E+00 9.47297E-05 9.47297E-05 9.47297E-05 9.47297E-05 9.47297E-05 9.47297E-05 9.47297E-05 9.47297E-05 9.47297E-05 9.47297E-05 
9.55790E+00 7.56106E-05 7.56106E-05 7.56106E-05 7.56106E-05 7.56106E-05 7.56106E-05 7.56106E-05 7.56106E-05 7.56106E-05 7.56106E-05 
1.01010E+01 6.16465E-05 6.16465E-05 6.16465E-05 6.16465E-05 6.16465E-05 6.16465E-05 6.16465E-05 6.16465E-05 6.16465E-05 6.16465E-05 
1.06749E+01 5.12047E-05 5.12047E-05 5.12047E-05 5.12047E-05 5.12047E-05 5.12047E-05 5.12047E-05 5.12047E-05 5.12047E-05 5.12047E-05 
1.12814E+01 4.32794E-05 4.32794E-05 4.32794E-05 4.32794E-05 4.32794E-05 4.32794E-05 4.32794E-05 4.32794E-05 4.32794E-05 4.32794E-05 
1.19224E+01 3.71173E-05 3.71173E-05 3.71173E-05 3.71173E-05 3.71173E-05 3.71173E-05 3.71173E-05 3.71173E-05 3.71173E-05 3.71173E-05 
1.25998E+01 3.22702E-05 3.22702E-05 3.22702E-05 3.22702E-05 3.22702E-05 3.22702E-05 3.22702E-05 3.22702E-05 3.22702E-05 3.22702E-05 
1.33157E+01 2.83959E-05 2.83959E-05 2.83959E-05 2.83959E-05 2.83959E-05 2.83959E-05 2.83959E-05 2.83959E-05 2.83959E-05 2.83959E-05 
1.40722E+01 2.52613E-05 2.52613E-05 2.52613E-05 2.52613E-05 2.52613E-05 2.52613E-05 2.52613E-05 2.52613E-05 2.52613E-05 2.52613E-05 
1.48718E+01 2.27128E-05 2.27128E-05 2.27128E-05 2.27128E-05 2.27128E-05 2.27128E-05 2.27128E-05 2.27128E-05 2.27128E-05 2.27128E-05 
1.57167E+01 2.05951E-05 2.05951E-05 2.05951E-05 2.05951E-05 2.05951E-05 2.05951E-05 2.05951E-05 2.05951E-05 2.05951E-05 2.05951E-05 
1.66097E+01 1.88487E-05 1.88487E-05 1.88487E-05 1.88487E-05 1.88487E-05 1.88487E-05 1.88487E-05 1.88487E-05 1.88487E-05 1.88487E-05 
1.75535E+01 1.73820E-05 1.73820E-05 1.73820E-05 1.73820E-05 1.73820E-05 1.73820E-05 1.73820E-05 1.73820E-05 1.73820E-05 1.73820E-05 
1.85508E+01 1.61468E-05 1.61468E-05 1.61468E-05 1.61468E-05 1.61468E-05 1.61468E-05 1.61468E-05 1.61468E-05 1.61468E-05 1.61468E-05 
1.96048E+01 1.51009E-05 1.51009E-05 1.51009E-05 1.51009E-05 1.51009E-05 1.51009E-05 1.51009E-05 1.51009E-05 1.51009E-05 1.51009E-05 
2.07187E+01 1.42117E-05 1.42117E-05 1.42117E-05 1.42117E-05 1.42117E-05 1.42117E-05 1.42117E-05 1.42117E-05 1.42117E-05 1.42117E-05 
2.18959E+01 1.34533E-05 1.34533E-05 1.34533E-05 1.34533E-05 1.34533E-05 1.34533E-05 1.34533E-05 1.34533E-05 1.34533E-05 1.34533E-05 
2.31400E+01 1.28050E-05 1.28050E-05 1.28050E-05 1.28050E-05 1.28050E-05 1.28050E-05 1.28050E-05 1.28050E-05 1.28050E-05 1.28050E-05 
2.44547E+01 1.22507E-05 1.22507E-05 1.22507E-05 1.22507E-05 1.22507E-05 1.22507E-05 1.22507E-05 1.22507E-05 1.22507E-05 1.22507E-05 
2.58442E+01 1.17764E-05 1.17764E-05 1.17764E-05 1.17764E-05 1.17764E-05 1.17764E-05 1.17764E-05 1.17764E-05 1.17764E-05 1.17764E-05 
2.73126E+01 1.13719E-05 1.13719E-05 1.13719E-05 1.13719E-05 1.13719E-05 1.13719E-05 1.13719E-05 1.13719E-05 1.13719E-05 1.13719E-05 
2.88644E+01 1.10301E-05 1.10301E-05 1.10301E-05 1.10301E-05 1.10301E-05 1.10301E-05 1.10301E-05 1.10301E-05 1.10301E-05 1.10301E-05 
3.05044E+01 1.07415E-05 1.07415E-05 1.07415E-05 1.07415E-05 1.07415E-05 1.07415E-05 1.07415E-05 1.07415E-05 1.07415E-05 1.07415E-05 
3.22376E+01 1.05010E-05 1.05010E-05 1.05010E-05 1.05010E-05 1.05010E-05 1.05010E-05 1.05010E-05 1.05010E-05 1.05010E-05 1.05010E-05 
3.40693E+01 1.03046E-05 1.03046E-05 1.03046E-05 1.03046E-05 1.03046E-05 1.03046E-05 1.03046E-05 1.03046E-05 1.03046E-05 1.03046E-05 
3.60050E+01 1.01472E-05 1.01472E-05 1.01472E-05 1.01472E-05 1.01472E-05 1.01472E-05 1.01472E-05 1.01472E-05 1.01472E-05 1.01472E-05 
3.80507E+01 1.00233E-05 1.00233E-05 1.00233E-05 1.00233E-05 1.00233E-05 1.00233E-05 1.00233E-05 1.00233E-05 1.00233E-05 1.00233E-05 
4.02126E+01 9.93323E-06 9.93323E-06 9.93323E-06 9.93323E-06 9.93323E-06 9.93323E-06 9.93323E-06 9.93323E-06 9.93323E-06 9.93323E-06 
4.24974E+01 9.87251E-06 9.87251E-06 9.87251E-06 9.87251E-06 9.87251E-06 9.87251E-06 9.87251E-06 9.87251E-06 9.87251E-06 9.87251E-06 
4.49120E+01 9.83886E-06 9.83886E-06 9.83886E-06 9.83886E-06 9.83886E-06 9.83886E-06 9.83886E-06 9.83886E-06 9.83886E-06 9.83886E-06 
4.74638E+01 9.82987E-06 9.82987E-06 9.82987E-06 9.82987E-06 9.82987E-06 9.82987E-06 9.82987E-06 9.82987E-06 9.82987E-06 9.82987E-06 
5.01606E+01 9.84404E-06 9.84404E-06 9.84404E-06 9.84404E-06 9.84404E-06 9.84404E-06 9.84404E-06 9.84404E-06 9.84404E-06 9.84404E-06 
5.30106E+01 9.87991E-06 9.87991E-06 9.87991E-06 9.87991E-06 9.87991E-06 9.87991E-06 9.87991E-06 9.87991E-06 9.87991E-06 9.87991E-06 
5.60225E+01 9.93584E-06 9.93584E-06 9.93584E-06 9.93584E-06 9.93584E-06 9.93584E-06 9.93584E-06 9.93584E-06 9.93584E-06 9.93584E-06 
5.92056E+01 1.00106E-05 1.00106E-05 1.00106E-05 1.00106E-05 1.00106E-05 1.00106E-05 1.00106E-05 1.00106E-05 1.00106E-05 1.00106E-05 
6.25695E+01 1.01032E-05 1.01032E-05 1.01032E-05 1.01032E-05 1.01032E-05 1.01032E-05 1.01032E-05 1.01032E-05 1.01032E-05 1.01032E-05 
6.61245E+01 1.02128E-05 1.02128E-05 1.02128E-05 1.02128E-05 1.02128E-05 1.02128E-05 1.02128E-05 1.02128E-05 1.02128E-05 1.02128E-05 
6.98816E+01 1.03386E-05 1.03386E-05 1.03386E-05 1.03386E-05 1.03386E-05 1.03386E-05 1.03386E-05 1.03386E-05 1.03386E-05 1.03386E-05 
7.38521E+01 1.04800E-05 1.04800E-05 1.04800E-05 1.04800E-05 1.04800E-05 1.04800E-05 1.04800E-05 1.04800E-05 1.04800E-05 1.04800E-05 
7.80482E+01 1.06364E-05 1.06364E-05 1.06364E-05 1.06364E-05 1.06364E-05 1.06364E-05 1.06364E-05 1.06364E-05 1.06364E-05 1.06364E-05 
8.24827E+01 1.08074E-05 1.08074E-05 1.08074E-05 1.08074E-05 1.08074E-05 1.08074E-05 1.08074E-05 1.08074E-05 1.08074E-05 1.08074E-05 
8.71691E+01 1.09923E-05 1.09923E-05 1.09923E-05 1.09923E-05 1.09923E-05 1.09923E-05 1.09923E-05 1.09923E-05 1.09923E-05 1.09923E-05 
9.21219E+01 1.11910E-05 1.11910E-05 1.11910E-05 1.11910E-05 1.11910E-05 1.11910E-05 1.11910E-05 1.11910E-05 1.11910E-05 1.11910E-05 
9.73560E+01 1.14030E-05 1.14030E-05 1.14030E-05 1.14030E-05 1.14030E-05 1.14030E-05 1.14030E-05 1.14030E-05 1.14030E-05 1.14030E-05 
1.02888E+02 1.16281E-05 1.16281E-05 1.16281E-05 1.16281E-05 1.16281E-05 1.16281E-05 1.16281E-05 1.16281E-05 1.16281E-05 1.16281E-05 
1.08733E+02 1.18660E-05 1.18660E-05 1.18660E-05 1.18660E-05 1.18660E-05 1.18660E-05 1.18660E-05 1.18660E-05 1.18660E-05 1.18660E-05 
1.14911E+02 1.21166E-05 1.21166E-05 1.21166E-05 1.21166E-05 1.21166E-05 1.21166E-05 1.21166E-05 1.21166E-05 1.21166E-05 1.21166E-05 
1.21440E+02 1.23797E-05 1.23797E-05 1.23797E-05 1.23797E-05 1.23797E-05 1.23797E-05 1.23797E-05 1.23797E-05 1.23797E-05 1.23797E-05 
1.28340E+02 1.26551E-05 1.26551E-05 1.26551E-05 1.26551E-05 1.26551E-05 1.26551E-05 1.26551E-05 1.26551E-05 1.26551E-05 1.26551E-05 
1.35632E+02 1.29430E-05 1.29430E-05 1.29430E-05 1.29430E-05 1.29430E-05 1.29430E-05 1.29430E-05 1.29430E-05 1.29430E-05 1.29430E-05 
1.43338E+02 1.32431E-05 1.32431E-05 1.32431E-05 1.32431E-05 1.32431E-05 1.32431E-05 1.32431E-05 1.32431E-05 1.32431E-05 1.32431E-05 
1.51483E+02 1.35555E-05 1.35555E-05 1.35555E-05 1.35555E-05 1.35555E-05 1.35555E-05 1.35555E-05 1.35555E-05 1.35555E-05 1.35555E-05 
1.60089E+02 1.38802E-05 1.38802E-05 1.38802E-05 1.38802E-05 1.38802E-05 1.38802E-05 1.38802E-05 1.38802E-05 1.38802E-05 1.38802E-05 
1.69185E+02 1.42193E-05 1.42193E-05 1.42193E-05 1.42193E-05 1.42193E-05 1.42193E-05 1.42193E-05 1.42193E-05 1.42193E-05 1.42193E-05 
1.78798E+02 1.45689E-05 1.45689E-05 1.45689E-05 1.45689E-05 1.45689E-05 1.45689E-05 1.45689E-05 1.45689E-05 1.45689E-05 1.45689E-05 
1.88957E+02 1.49311E-05 1.49311E-05 1.49311E-05 1.49311E-05 1.49311E-05 1.49311E-05 1.49311E-05 1.49311E-05 1.49311E-05 1.49311E-05 
1.99693E+02 1.53059E-05 1.53059E-05 1.53059E-05 1.53059E-05 1.53059E-05 1.53059E-05 1.53059E-05 1.53059E-05 1.53059E-05 1.53059E-05 
2.11039E+02 1.56936E-05 1.56936E-05 1.56936E-05 1.56936E-05 1.56936E-05 1.56936E-05 1.56936E-05 1.56936E-05 1.56936E-05 1.56936E-05 
2.23030E+02 1.60944E-05 1.60944E-05 1.60944E-05 1.60944E-05 1.60944E-05 1.60944E-05 1.60944E-05 1.60944E-05 1.60944E-05 1.60944E-05 
2.35702E+02 1.65084E-05 1.65084E-05 1.65084E-05 1.65084E-05 1.65084E-05 1.65084E-05 1.65084E-05 1.65084E-05 1.65084E-05 1.65084E-05 
2.49094E+02 1.69359E-05 1.69359E-05 1.69359E-05 1.69359E-05 1.69359E-05 1.69359E-05 1.69359E-05 1.69359E-05 1.69359E-05 1.69359E-05 
2.63247E+02 1.73771E-05 1.73771E-05 1.73771E-05 1.73771E-05 1.73771E-05 1.73771E-05 1.73771E-05 1.73771E-05 1.73771E-05 1.73771E-05 
2.78204E+02 1.78323E-05 1.78323E-05 1.78323E-05 1.78323E-05 1.78323E-05 1.78323E-05 1.78323E-05 1.78323E-05 1.78323E-05 1.78323E-05 
2.94010E+02 1.83017E-05 1.83017E-05 1.83017E-05 1.83017E-05 1.83017E-05 1.83017E-05 1.83017E-05 1.83017E-05 1.83017E-05 1.83017E-05 
3.10715E+02 1.87857E-05 1.87857E-05 1.87857E-05 1.87857E-05 1.87857E-05 1.87857E-05 1.87857E-05 1.87857E-05 1.87857E-05 1.87857E-05 
3.28369E+02 1.92845E-05 1.92845E-05 1.92845E-05 1.92845E-05 1.92845E-05 1.92845E-05 1.92845E-05 1.92845E-05 1.92845E-05 1.92845E-05 
3.47027E+02 1.97985E-05 1.97985E-05 1.97985E-05 1.97985E-05 1.97985E-05 1.97985E-05 1.97985E-05 1.97985E-05 1.97985E-05 1.97985E-05 
3.66744E+02 2.03280E-05 2.03280E-05 2.03280E-05 2.03280E-05 2.03280E-05 2.03280E-05 2.03280E-05 2.03280E-05 2.03280E-05 2.03280E-05 
3.87581E+02 2.08735E-05 2.08735E-05 2.08735E-05 2.08735E-05 2.08735E-05 2.08735E-05 2.08735E-05 2.08735E-05 2.08735E-05 2.08735E-05 
4.09603E+02 2.14352E-05 2.14352E-05 2.14352E-05 2.14352E-05 2.14352E-05 2.14352E-05 2.14352E-05 2.14352E-05 2.14352E-05 2.14352E-05 
4.32875E+02 2.20137E-05 2.20137E-05 2.20137E-05 2.20137E-05 2.20137E-05 2.20137E-05 2.20137E-05 2.20137E-05 2.20137E-05 2.20137E-05 
4.57470E+02 2.26092E-05 2.26092E-05 2.26092E-05 2.26092E-05 2.26092E-05 2.26092E-05 2.26092E-05 2.26092E-05 2.26092E-05 2.26092E-05 
4.83462E+02 2.32223E-05 2.32223E-05 2.32223E-05 2.32223E-05 2.32223E-05 2.32223E-05 2.32223E-05 2.32223E-05 2.32223E-05 2.32223E-05 
5.10932E+02 2.38533E-05 2.38533E-05 2.38533E-05 2.38533E-05 2.38533E-05 2.38533E-05 2.38533E-05 2.38533E-05 2.38533E-05 2.38533E-05 
5.39961E+02 2.45027E-05 2.45027E-05 2.45027E-05 2.45027E-05 2.45027E-05 2.45027E-05 2.45027E-05 2.45027E-05 2.45027E-05 2.45027E-05 
5.70641E+02 2.51711E-05 2.51711E-05 2.51711E-05 2.51711E-05 2.51711E-05 2.51711E-05 2.51711E-05 2.51711E-05 2.51711E-05 2.51711E-05 
6.03063E+02 2.58589E-05 2.58589E-05 2.58589E-05 2.58589E-05 2.58589E-05 2.58589E-05 2.58589E-05 2.58589E-05 2.58589E-05 2.58589E-05 
6.37328E+02 2.65665E-05 2.65665E-05 2.65665E-05 2.65665E-05 2.65665E-05 2.65665E-05 2.65665E-05 2.65665E-05 2.65665E-05 2.65665E-05 
6.73539E+02 2.72977E-05 2.72977E-05 2.72977E-05 2.72977E-05 2.72977E-05 2.72977E-05 2.72977E-05 2.72977E-05 2.72977E-05 2.72977E-05 
7.11808E+02 2.80469E-05 2.80469E-05 2.80469E-05 2.80469E-05 2.80469E-05 2.80469E-05 2.80469E-05 2.80469E-05 2.80469E-05 2.80469E-05 
7.52251E+02 2.88176E-05 2.88176E-05 2.88176E-05 2.88176E-05 2.88176E-05 2.88176E-05 2.88176E-05 2.88176E-05 2.88176E-05 2.88176E-05 
7.94992E+02 2.96105E-05 2.96105E-05 2.96105E-05 2.96105E-05 2.96105E-05 2.96105E-05 2.96105E-05 2.96105E-05 2.96105E-05 2.96105E-05 
8.40161E+02 3.04260E-05 3.04260E-05 3.04260E-05 3.04260E-05 3.04260E-05 3.04260E-05 3.04260E-05 3.04260E-05 3.04260E-05 3.04260E-05 
8.87897E+02 3.12649E-05 3.12649E-05 3.12649E-05 3.12649E-05 3.12649E-05 3.12649E-05 3.12649E-05 3.12649E-05 3.12649E-05 3.12649E-05 
9.38345E+02 3.21278E-05 3.21278E-05 3.21278E-05 3.21278E-05 3.21278E-05 3.21278E-05 3.21278E-05 3.21278E-05 3.21278E-05 3.21278E-05 
9.91660E+02 3.30152E-05 3.30152E-05 3.30152E-05 3.30152E-05 3.30152E-05 3.30152E-05 3.30152E-05 3.30152E-05 3.30152E-05 3.30152E-05 
1.04800E+03 3.39280E-05 3.39280E-05 3.39280E-05 3.39280E-05 3.39280E-05 3.39280E-05 3.39280E-05 3.39280E-05 3.39280E-05 3.39280E-05 
1.10755E+03 3.48667E-05 3.48667E-05 3.48667E-05 3.48667E-05 3.48667E-05 3.48667E-05 3.48667E-05 3.48667E-05 3.48667E-05 3.48667E-05 
1.17048E+03 3.58321E-05 3.58321E-05 3.58321E-05 3.58321E-05 3.58321E-05 3.58321E-05 3.58321E-05 3.58321E-05 3.58321E-05 3.58321E-05 
1.23698E+03 3.68249E-05 3.68249E-05 3.68249E-05 3.68249E-05 3.68249E-05 3.68249E-05 3.68249E-05 3.68249E-05 3.68249E-05 3.68249E-05 
1.30726E+03 3.78459E-05 3.78459E-05 3.78459E-05 3.78459E-05 3.78459E-05 3.78459E-05 3.78459E-05 3.78459E-05 3.78459E-05 3.78459E-05 
1.38154E+03 3.88959E-05 3.88959E-05 3.88959E-05 3.88959E-05 3.88959E-05 3.88959E-05 3.88959E-05 3.88959E-05 3.88959E-05 3.88959E-05 
1.46003E+03 3.99755E-05 3.99755E-05 3.99755E-05 3.99755E-05 3.99755E-05 3.99755E-05 3.99755E-05 3.99755E-05 3.99755E-05 3.99755E-05 
1.54299E+03 4.10858E-05 4.10858E-05 4.10858E-05 4.10858E-05 4.10858E-05 4.10858E-05 4.10858E-05 4.10858E-05 4.10858E-05 4.10858E-05 
1.63066E+03 4.22274E-05 4.22274E-05 4.22274E-05 4.22274E-05 4.22274E-05 4.22274E-05 4.22274E-05 4.22274E-05 4.22274E-05 4.22274E-05 
1.72331E+03 4.34014E-05 4.34014E-05 4.34014E-05 4.34014E-05 4.34014E-05 4.34014E-05 4.34014E-05 4.34014E-05 4.34014E-05 4.34014E-05 
1.82122E+03 4.46085E-05 4.46085E-05 4.46085E-05 4.46085E-05 4.46085E-05 4.46085E-05 4.46085E-05 4.46085E-05 4.46085E-05 4.46085E-05 
1.92470E+03 4.58497E-05 4.58497E-05 4.58497E-05 4.58497E-05 4.58497E-05 4.58497E-05 4.58497E-05 4.58497E-05 4.58497E-05 4.58497E-05 
2.03405E+03 4.71259E-05 4.71259E-05 4.71259E-05 4.71259E-05 4.71259E-05 4.71259E-05 4.71259E-05 4.71259E-05 4.71259E-05 4.71259E-05 
2.14962E+03 4.84381E-05 4.84381E-05 4.84381E-05 4.84381E-05 4.84381E-05 4.84381E-05 4.84381E-05 4.84381E-05 4.84381E-05 4.84381E-05 
2.27176E+03 4.97873E-05 4.97873E-05 4.97873E-05 4.97873E-05 4.97873E-05 4.97873E-05 4.97873E-05 4.97873E-05 4.97873E-05 4.97873E-05 
2.40084E+03 5.11746E-05 5.11746E-05 5.11746E-05 5.11746E-05 5.11746E-05 5.11746E-05 5.11746E-05 5.11746E-05 5.11746E-05 5.11746E-05 
2.53725E+03 5.26010E-05 5.26010E-05 5.26010E-05 5.26010E-05 5.26010E-05 5.26010E-05 5.26010E-05 5.26010E-05 5.26010E-05 5.26010E-05 
2.68141E+03 5.40675E-05 5.40675E-05 5.40675E-05 5.40675E-05 5.40675E-05 5.40675E-05 5.40675E-05 5.40675E-05 5.40675E-05 5.40675E-05 
2.83376E+03 5.55753E-05 5.55753E-05 5.55753E-05 5.55753E-05 5.55753E-05 5.55753E-05 5.55753E-05 5.55753E-05 5.55753E-05 5.55753E-05 
2.99476E+03 5.71256E-05 5.71256E-05 5.71256E-05 5.71256E-05 5.71256E-05 5.71256E-05 5.71256E-05 5.71256E-05 5.71256E-05 5.71256E-05 
3.16492E+03 5.87195E-05 5.87195E-05 5.87195E-05 5.87195E-05 5.87195E-05 5.87195E-05 5.87195E-05 5.87195E-05 5.87195E-05 5.87195E-05 
3.34474E+03 6.03583E-05 6.03583E-05 6.03583E-05 6.03583E-05 6.03583E-05 6.03583E-05 6.03583E-05 6.03583E-05 6.03583E-05 6.03583E-05 
3.53478E+03 6.20431E-05 6.20431E-05 6.20431E-05 6.20431E-05 6.20431E-05 6.20431E-05 6.20431E-05 6.20431E-05 6.20431E-05 6.20431E-05 
3.73562E+03 6.37754E-05 6.37754E-05 6.37754E-05 6.37754E-05 6.37754E-05 6.37754E-05 6.37754E-05 6.37754E-05 6.37754E-05 6.37754E-05 
3.94787E+03 6.55563E-05 6.55563E-05 6.55563E-05 6.55563E-05 6.55563E-05 6.55563E-05 6.55563E-05 6.55563E-05 6.55563E-05 6.55563E-05 
4.17218E+03 6.73873E-05 6.73873E-05 6.73873E-05 6.73873E-05 6.73873E-05 6.73873E-05 6.73873E-05 6.73873E-05 6.73873E-05 6.73873E-05 
4.40923E+03 6.92698E-05 6.92698E-05 6.92698E-05 6.92698E-05 6.92698E-05 6.92698E-05 6.92698E-05 6.92698E-05 6.92698E-05 6.92698E-05 
4.65975E+03 7.12052E-05 7.12052E-05 7.12052E-05 7.12052E-05 7.12052E-05 7.12052E-05 7.12052E-05 7.12052E-05 7.12052E-05 7.12052E-05 
4.92451E+03 7.31949E-05 7.31949E-05 7.31949E-05 7.31949E-05 7.31949E-05 7.31949E-05 7.31949E-05 7.31949E-05 7.31949E-05 7.31949E-05 
5.20430E+03 7.52405E-05 7.52405E-05 7.52405E-05 7.52405E-05 7.52405E-05 7.52405E-05 7.52405E-05 7.52405E-05 7.52405E-05 7.52405E-05 
5.50000E+03 7.73436E-05 7.73436E-05 7.73436E-05 7.73436E-05 7.73436E-05 7.73436E-05 7.73436E-05 7.73436E-05 7.73436E-05 7.73436E-05 
5.81250E+03 7.95057E-05 7.95057E-05 7.95057E-05 7.95057E-05 7.95057E-05 7.95057E-05 7.95057E-05 7.95057E-05 7.95057E-05 7.95057E-05 
6.14275E+03 8.17286E-05 8.17286E-05 8.17286E-05 8.17286E-05 8.17286E-05 8.17286E-05 8.17286E-05 8.17286E-05 8.17286E-05 8.17286E-05 
6.49176E+03 8.40138E-05 8.40138E-05 8.40138E-05 8.40138E-05 8.40138E-05 8.40138E-05 8.40138E-05 8.40138E-05 8.40138E-05 8.40138E-05 
6.86061E+03 8.63633E-05 8.63633E-05 8.63633E-05 8.63633E-05 8.63633E-05 8.63633E-05 8.63633E-05 8.63633E-05 8.63633E-05 8.63633E-05 
7.25041E+03 8.87786E-05 8.87786E-05 8.87786E-05 8.87786E-05 8.87786E-05 8.87786E-05 8.87786E-05 8.87786E-05 8.87786E-05 8.87786E-05 
7.66236E+03 9.12617E-05 9.12617E-05 9.12617E-05 9.12617E-05 9.12617E-05 9.12617E-05 9.12617E-05 9.12617E-05 9.12617E-05 9.12617E-05 
8.09772E+03 9.38146E-05 9.38146E-05 9.38146E-05 9.38146E-05 9.38146E-05 9.38146E-05 9.38146E-05 9.38146E-05 9.38146E-05 9.38146E-05 
8.55781E+03 9.64390E-05 9.64390E-05 9.64390E-05 9.64390E-05 9.64390E-05 9.64390E-05 9.64390E-05 9.64390E-05 9.64390E-05 9.64390E-05 
9.04404E+03 9.91371E-05 9.91371E-05 9.91371E-05 9.91371E-05 9.91371E-05 9.91371E-05 9.91371E-05 9.91371E-05 9.91371E-05 9.91371E-05 
9.55790E+03 1.01911E-04 1.01911E-04 1.01911E-04 1.01911E-04 1.01911E-04 1.01911E-04 1.01911E-04 1.01911E-04 1.01911E-04 1.01911E-04 
