5.50000E+00 0.00000E+00 0.00000E+00 0.00000E+00 0.00000E+00 0.00000E+00 0.00000E+00 0.00000E+00 0.00000E+00 0.00000E+00 0.00000E+00 
5.81250E+00 0.00000E+00 0.00000E+00 0.00000E+00 0.00000E+00 0.00000E+00 0.00000E+00 0.00000E+00 0.00000E+00 0.00000E+00 0.00000E+00 
6.14275E+00 0.00000E+00 0.00000E+00 0.00000E+00 0.00000E+00 0.00000E+00 0.00000E+00 0.00000E+00 0.00000E+00 0.00000E+00 0.00000E+00 
6.49176E+00 0.00000E+00 0.00000E+00 0.00000E+00 0.00000E+00 0.00000E+00 0.00000E+00 0.00000E+00 0.00000E+00 0.00000E+00 0.00000E+00 
6.86061E+00 0.00000E+00 0.00000E+00 0.00000E+00 0.00000E+00 0.00000E+00 0.00000E+00 0.00000E+00 0.00000E+00 0.00000E+00 0.00000E+00 
7.25041E+00 4.24510E-03 4.24510E-03 4.24510E-03 4.24510E-03 4.24510E-03 4.24510E-03 4.24510E-03 4.24510E-03 4.24510E-03 4.24510E-03 
7.66236E+00 1.17533E-03 1.17533E-03 1.17533E-03 1.17533E-03 1.17533E-03 1.17533E-03 1.17533E-03 1.17533E-03 1.17533E-03 1.17533E-03 
8.09772E+00 4.93047E-04 4.93047E-04 4.93047E-04 4.93047E-04 4.93047E-04 4.93047E-04 4.93047E-04 4.93047E-04 4.93047E-04 4.93047E-04 
8.55781E+00 2.57296E-04 2.57296E-04 2.57296E-04 2.57296E-04 2.57296E-04 2.57296E-04 2.57296E-04 2.57296E-04 2.57296E-04 2.57296E-04 
9.04404E+00 1.57020E-04 1.57020E-04 1.57020E-04 1.57020E-04 1.57020E-04 1.57020E-04 1.57020E-04 1.57020E-04 1.57020E-04 1.57020E-04 
9.55790E+00 1.05451E-04 1.05451E-04 1.05451E-04 1.05451E-04 1.05451E-04 1.05451E-04 1.05451E-04 1.05451E-04 1.05451E-04 1.05451E-04 
1.01010E+01 7.58670E-05 7.58670E-05 7.58670E-05 7.58670E-05 7.58670E-05 7.58670E-05 7.58670E-05 7.58670E-05 7.58670E-05 7.58670E-05 
1.06749E+01 5.79259E-05 5.79259E-05 5.79259E-05 5.79259E-05 5.79259E-05 5.79259E-05 5.79259E-05 5.79259E-05 5.79259E-05 5.79259E-05 
1.12814E+01 4.62002E-05 4.62002E-05 4.62002E-05 4.62002E-05 4.62002E-05 4.62002E-05 4.62002E-05 4.62002E-05 4.62002E-05 4.62002E-05 
1.19224E+01 3.80277E-05 3.80277E-05 3.80277E-05 3.80277E-05 3.80277E-05 3.80277E-05 3.80277E-05 3.80277E-05 3.80277E-05 3.80277E-05 
1.25998E+01 3.20689E-05 3.20689E-05 3.20689E-05 3.20689E-05 3.20689E-05 3.20689E-05 3.20689E-05 3.20689E-05 3.20689E-05 3.20689E-05 
1.33157E+01 2.75929E-05 2.75929E-05 2.75929E-05 2.75929E-05 2.75929E-05 2.75929E-05 2.75929E-05 2.75929E-05 2.75929E-05 2.75929E-05 
1.40722E+01 2.41601E-05 2.41601E-05 2.41601E-05 2.41601E-05 2.41601E-05 2.41601E-05 2.41601E-05 2.41601E-05 2.41601E-05 2.41601E-05 
1.48718E+01 2.14819E-05 2.14819E-05 2.14819E-05 2.14819E-05 2.14819E-05 2.14819E-05 2.14819E-05 2.14819E-05 2.14819E-05 2.14819E-05 
1.57167E+01 1.93581E-05 1.93581E-05 1.93581E-05 1.93581E-05 1.93581E-05 1.93581E-05 1.93581E-05 1.93581E-05 1.93581E-05 1.93581E-05 
1.66097E+01 1.76442E-05 1.76442E-05 1.76442E-05 1.76442E-05 1.76442E-05 1.76442E-05 1.76442E-05 1.76442E-05 1.76442E-05 1.76442E-05 
1.75535E+01 1.62409E-05 1.62409E-05 1.62409E-05 1.62409E-05 1.62409E-05 1.62409E-05 1.62409E-05 1.62409E-05 1.62409E-05 1.62409E-05 
1.85508E+01 1.50794E-05 1.50794E-05 1.50794E-05 1.50794E-05 1.50794E-05 1.50794E-05 1.50794E-05 1.50794E-05 1.50794E-05 1.50794E-05 
1.96048E+01 1.41100E-05 1.41100E-05 1.41100E-05 1.41100E-05 1.41100E-05 1.41100E-05 1.41100E-05 1.41100E-05 1.41100E-05 1.41100E-05 
2.07187E+01 1.32957E-05 1.32957E-05 1.32957E-05 1.32957E-05 1.32957E-05 1.32957E-05 1.32957E-05 1.32957E-05 1.32957E-05 1.32957E-05 
2.18959E+01 1.26082E-05 1.26082E-05 1.26082E-05 1.26082E-05 1.26082E-05 1.26082E-05 1.26082E-05 1.26082E-05 1.26082E-05 1.26082E-05 
2.31400E+01 1.20260E-05 1.20260E-05 1.20260E-05 1.20260E-05 1.20260E-05 1.20260E-05 1.20260E-05 1.20260E-05 1.20260E-05 1.20260E-05 
2.44547E+01 1.15322E-05 1.15322E-05 1.15322E-05 1.15322E-05 1.15322E-05 1.15322E-05 1.15322E-05 1.15322E-05 1.15322E-05 1.15322E-05 
2.58442E+01 1.11136E-05 1.11136E-05 1.11136E-05 1.11136E-05 1.11136E-05 1.11136E-05 1.11136E-05 1.11136E-05 1.11136E-05 1.11136E-05 
2.73126E+01 1.07595E-05 1.07595E-05 1.07595E-05 1.07595E-05 1.07595E-05 1.07595E-05 1.07595E-05 1.07595E-05 1.07595E-05 1.07595E-05 
2.88644E+01 1.04614E-05 1.04614E-05 1.04614E-05 1.04614E-05 1.04614E-05 1.04614E-05 1.04614E-05 1.04614E-05 1.04614E-05 1.04614E-05 
3.05044E+01 1.02124E-05 1.02124E-05 1.02124E-05 1.02124E-05 1.02124E-05 1.02124E-05 1.02124E-05 1.02124E-05 1.02124E-05 1.02124E-05 
3.22376E+01 1.00068E-05 1.00068E-05 1.00068E-05 1.00068E-05 1.00068E-05 1.00068E-05 1.00068E-05 1.00068E-05 1.00068E-05 1.00068E-05 
3.40693E+01 9.83997E-06 9.83997E-06 9.83997E-06 9.83997E-06 9.83997E-06 9.83997E-06 9.83997E-06 9.83997E-06 9.83997E-06 9.83997E-06 
3.60050E+01 9.70805E-06 9.70805E-06 9.70805E-06 9.70805E-06 9.70805E-06 9.70805E-06 9.70805E-06 9.70805E-06 9.70805E-06 9.70805E-06 
3.80507E+01 9.60786E-06 9.60786E-06 9.60786E-06 9.60786E-06 9.60786E-06 9.60786E-06 9.60786E-06 9.60786E-06 9.60786E-06 9.60786E-06 
4.02126E+01 9.53653E-06 9.53653E-06 9.53653E-06 9.53653E-06 9.53653E-06 9.53653E-06 9.53653E-06 9.53653E-06 9.53653E-06 9.53653E-06 
4.24974E+01 9.49156E-06 9.49156E-06 9.49156E-06 9.49156E-06 9.49156E-06 9.49156E-06 9.49156E-06 9.49156E-06 9.49156E-06 9.49156E-06 
4.49120E+01 9.47091E-06 9.47091E-06 9.47091E-06 9.47091E-06 9.47091E-06 9.47091E-06 9.47091E-06 9.47091E-06 9.47091E-06 9.47091E-06 
4.74638E+01 9.47281E-06 9.47281E-06 9.47281E-06 9.47281E-06 9.47281E-06 9.47281E-06 9.47281E-06 9.47281E-06 9.47281E-06 9.47281E-06 
5.01606E+01 9.49577E-06 9.49577E-06 9.49577E-06 9.49577E-06 9.49577E-06 9.49577E-06 9.49577E-06 9.49577E-06 9.49577E-06 9.49577E-06 
5.30106E+01 9.53843E-06 9.53843E-06 9.53843E-06 9.53843E-06 9.53843E-06 9.53843E-06 9.53843E-06 9.53843E-06 9.53843E-06 9.53843E-06 
5.60225E+01 9.59960E-06 9.59960E-06 9.59960E-06 9.59960E-06 9.59960E-06 9.59960E-06 9.59960E-06 9.59960E-06 9.59960E-06 9.59960E-06 
5.92056E+01 9.67821E-06 9.67821E-06 9.67821E-06 9.67821E-06 9.67821E-06 9.67821E-06 9.67821E-06 9.67821E-06 9.67821E-06 9.67821E-06 
6.25695E+01 9.77330E-06 9.77330E-06 9.77330E-06 9.77330E-06 9.77330E-06 9.77330E-06 9.77330E-06 9.77330E-06 9.77330E-06 9.77330E-06 
6.61245E+01 9.88407E-06 9.88407E-06 9.88407E-06 9.88407E-06 9.88407E-06 9.88407E-06 9.88407E-06 9.88407E-06 9.88407E-06 9.88407E-06 
6.98816E+01 1.00099E-05 1.00099E-05 1.00099E-05 1.00099E-05 1.00099E-05 1.00099E-05 1.00099E-05 1.00099E-05 1.00099E-05 1.00099E-05 
7.38521E+01 1.01502E-05 1.01502E-05 1.01502E-05 1.01502E-05 1.01502E-05 1.01502E-05 1.01502E-05 1.01502E-05 1.01502E-05 1.01502E-05 
7.80482E+01 1.03045E-05 1.03045E-05 1.03045E-05 1.03045E-05 1.03045E-05 1.03045E-05 1.03045E-05 1.03045E-05 1.03045E-05 1.03045E-05 
8.24827E+01 1.04725E-05 1.04725E-05 1.04725E-05 1.04725E-05 1.04725E-05 1.04725E-05 1.04725E-05 1.04725E-05 1.04725E-05 1.04725E-05 
8.71691E+01 1.06537E-05 1.06537E-05 1.06537E-05 1.06537E-05 1.06537E-05 1.06537E-05 1.06537E-05 1.06537E-05 1.06537E-05 1.06537E-05 
9.21219E+01 1.08479E-05 1.08479E-05 1.08479E-05 1.08479E-05 1.08479E-05 1.08479E-05 1.08479E-05 1.08479E-05 1.08479E-05 1.08479E-05 
9.73560E+01 1.10547E-05 1.10547E-05 1.10547E-05 1.10547E-05 1.10547E-05 1.10547E-05 1.10547E-05 1.10547E-05 1.10547E-05 1.10547E-05 
1.02888E+02 1.12740E-05 1.12740E-05 1.12740E-05 1.12740E-05 1.12740E-05 1.12740E-05 1.12740E-05 1.12740E-05 1.12740E-05 1.12740E-05 
1.08733E+02 1.15055E-05 1.15055E-05 1.15055E-05 1.15055E-05 1.15055E-05 1.15055E-05 1.15055E-05 1.15055E-05 1.15055E-05 1.15055E-05 
1.14911E+02 1.17492E-05 1.17492E-05 1.17492E-05 1.17492E-05 1.17492E-05 1.17492E-05 1.17492E-05 1.17492E-05 1.17492E-05 1.17492E-05 
1.21440E+02 1.20048E-05 1.20048E-05 1.20048E-05 1.20048E-05 1.20048E-05 1.20048E-05 1.20048E-05 1.20048E-05 1.20048E-05 1.20048E-05 
1.28340E+02 1.22723E-05 1.22723E-05 1.22723E-05 1.22723E-05 1.22723E-05 1.22723E-05 1.22723E-05 1.22723E-05 1.22723E-05 1.22723E-05 
1.35632E+02 1.25517E-05 1.25517E-05 1.25517E-05 1.25517E-05 1.25517E-05 1.25517E-05 1.25517E-05 1.25517E-05 1.25517E-05 1.25517E-05 
1.43338E+02 1.28430E-05 1.28430E-05 1.28430E-05 1.28430E-05 1.28430E-05 1.28430E-05 1.28430E-05 1.28430E-05 1.28430E-05 1.28430E-05 
1.51483E+02 1.31461E-05 1.31461E-05 1.31461E-05 1.31461E-05 1.31461E-05 1.31461E-05 1.31461E-05 1.31461E-05 1.31461E-05 1.31461E-05 
1.60089E+02 1.34610E-05 1.34610E-05 1.34610E-05 1.34610E-05 1.34610E-05 1.34610E-05 1.34610E-05 1.34610E-05 1.34610E-05 1.34610E-05 
1.69185E+02 1.37880E-05 1.37880E-05 1.37880E-05 1.37880E-05 1.37880E-05 1.37880E-05 1.37880E-05 1.37880E-05 1.37880E-05 1.37880E-05 
1.78798E+02 1.41270E-05 1.41270E-05 1.41270E-05 1.41270E-05 1.41270E-05 1.41270E-05 1.41270E-05 1.41270E-05 1.41270E-05 1.41270E-05 
1.88957E+02 1.44781E-05 1.44781E-05 1.44781E-05 1.44781E-05 1.44781E-05 1.44781E-05 1.44781E-05 1.44781E-05 1.44781E-05 1.44781E-05 
1.99693E+02 1.48416E-05 1.48416E-05 1.48416E-05 1.48416E-05 1.48416E-05 1.48416E-05 1.48416E-05 1.48416E-05 1.48416E-05 1.48416E-05 
2.11039E+02 1.52175E-05 1.52175E-05 1.52175E-05 1.52175E-05 1.52175E-05 1.52175E-05 1.52175E-05 1.52175E-05 1.52175E-05 1.52175E-05 
2.23030E+02 1.56060E-05 1.56060E-05 1.56060E-05 1.56060E-05 1.56060E-05 1.56060E-05 1.56060E-05 1.56060E-05 1.56060E-05 1.56060E-05 
2.35702E+02 1.60074E-05 1.60074E-05 1.60074E-05 1.60074E-05 1.60074E-05 1.60074E-05 1.60074E-05 1.60074E-05 1.60074E-05 1.60074E-05 
2.49094E+02 1.64218E-05 1.64218E-05 1.64218E-05 1.64218E-05 1.64218E-05 1.64218E-05 1.64218E-05 1.64218E-05 1.64218E-05 1.64218E-05 
2.63247E+02 1.68495E-05 1.68495E-05 1.68495E-05 1.68495E-05 1.68495E-05 1.68495E-05 1.68495E-05 1.68495E-05 1.68495E-05 1.68495E-05 
2.78204E+02 1.72908E-05 1.72908E-05 1.72908E-05 1.72908E-05 1.72908E-05 1.72908E-05 1.72908E-05 1.72908E-05 1.72908E-05 1.72908E-05 
2.94010E+02 1.77459E-05 1.77459E-05 1.77459E-05 1.77459E-05 1.77459E-05 1.77459E-05 1.77459E-05 1.77459E-05 1.77459E-05 1.77459E-05 
3.10715E+02 1.82151E-05 1.82151E-05 1.82151E-05 1.82151E-05 1.82151E-05 1.82151E-05 1.82151E-05 1.82151E-05 1.82151E-05 1.82151E-05 
3.28369E+02 1.86988E-05 1.86988E-05 1.86988E-05 1.86988E-05 1.86988E-05 1.86988E-05 1.86988E-05 1.86988E-05 1.86988E-05 1.86988E-05 
3.47027E+02 1.91971E-05 1.91971E-05 1.91971E-05 1.91971E-05 1.91971E-05 1.91971E-05 1.91971E-05 1.91971E-05 1.91971E-05 1.91971E-05 
3.66744E+02 1.97105E-05 1.97105E-05 1.97105E-05 1.97105E-05 1.97105E-05 1.97105E-05 1.97105E-05 1.97105E-05 1.97105E-05 1.97105E-05 
3.87581E+02 2.02394E-05 2.02394E-05 2.02394E-05 2.02394E-05 2.02394E-05 2.02394E-05 2.02394E-05 2.02394E-05 2.02394E-05 2.02394E-05 
4.09603E+02 2.07841E-05 2.07841E-05 2.07841E-05 2.07841E-05 2.07841E-05 2.07841E-05 2.07841E-05 2.07841E-05 2.07841E-05 2.07841E-05 
4.32875E+02 2.13449E-05 2.13449E-05 2.13449E-05 2.13449E-05 2.13449E-05 2.13449E-05 2.13449E-05 2.13449E-05 2.13449E-05 2.13449E-05 
4.57470E+02 2.19223E-05 2.19223E-05 2.19223E-05 2.19223E-05 2.19223E-05 2.19223E-05 2.19223E-05 2.19223E-05 2.19223E-05 2.19223E-05 
4.83462E+02 2.25167E-05 2.25167E-05 2.25167E-05 2.25167E-05 2.25167E-05 2.25167E-05 2.25167E-05 2.25167E-05 2.25167E-05 2.25167E-05 
5.10932E+02 2.31285E-05 2.31285E-05 2.31285E-05 2.31285E-05 2.31285E-05 2.31285E-05 2.31285E-05 2.31285E-05 2.31285E-05 2.31285E-05 
5.39961E+02 2.37582E-05 2.37582E-05 2.37582E-05 2.37582E-05 2.37582E-05 2.37582E-05 2.37582E-05 2.37582E-05 2.37582E-05 2.37582E-05 
5.70641E+02 2.44062E-05 2.44062E-05 2.44062E-05 2.44062E-05 2.44062E-05 2.44062E-05 2.44062E-05 2.44062E-05 2.44062E-05 2.44062E-05 
6.03063E+02 2.50731E-05 2.50731E-05 2.50731E-05 2.50731E-05 2.50731E-05 2.50731E-05 2.50731E-05 2.50731E-05 2.50731E-05 2.50731E-05 
6.37328E+02 2.57592E-05 2.57592E-05 2.57592E-05 2.57592E-05 2.57592E-05 2.57592E-05 2.57592E-05 2.57592E-05 2.57592E-05 2.57592E-05 
6.73539E+02 2.64652E-05 2.64652E-05 2.64652E-05 2.64652E-05 2.64652E-05 2.64652E-05 2.64652E-05 2.64652E-05 2.64652E-05 2.64652E-05 
7.11808E+02 2.71915E-05 2.71915E-05 2.71915E-05 2.71915E-05 2.71915E-05 2.71915E-05 2.71915E-05 2.71915E-05 2.71915E-05 2.71915E-05 
7.52251E+02 2.79387E-05 2.79387E-05 2.79387E-05 2.79387E-05 2.79387E-05 2.79387E-05 2.79387E-05 2.79387E-05 2.79387E-05 2.79387E-05 
7.94992E+02 2.87073E-05 2.87073E-05 2.87073E-05 2.87073E-05 2.87073E-05 2.87073E-05 2.87073E-05 2.87073E-05 2.87073E-05 2.87073E-05 
8.40161E+02 2.94980E-05 2.94980E-05 2.94980E-05 2.94980E-05 2.94980E-05 2.94980E-05 2.94980E-05 2.94980E-05 2.94980E-05 2.94980E-05 
8.87897E+02 3.03112E-05 3.03112E-05 3.03112E-05 3.03112E-05 3.03112E-05 3.03112E-05 3.03112E-05 3.03112E-05 3.03112E-05 3.03112E-05 
9.38345E+02 3.11477E-05 3.11477E-05 3.11477E-05 3.11477E-05 3.11477E-05 3.11477E-05 3.11477E-05 3.11477E-05 3.11477E-05 3.11477E-05 
9.91660E+02 3.20081E-05 3.20081E-05 3.20081E-05 3.20081E-05 3.20081E-05 3.20081E-05 3.20081E-05 3.20081E-05 3.20081E-05 3.20081E-05 
1.04800E+03 3.28930E-05 3.28930E-05 3.28930E-05 3.28930E-05 3.28930E-05 3.28930E-05 3.28930E-05 3.28930E-05 3.28930E-05 3.28930E-05 
1.10755E+03 3.38031E-05 3.38031E-05 3.38031E-05 3.38031E-05 3.38031E-05 3.38031E-05 3.38031E-05 3.38031E-05 3.38031E-05 3.38031E-05 
1.17048E+03 3.47390E-05 3.47390E-05 3.47390E-05 3.47390E-05 3.47390E-05 3.47390E-05 3.47390E-05 3.47390E-05 3.47390E-05 3.47390E-05 
1.23698E+03 3.57015E-05 3.57015E-05 3.57015E-05 3.57015E-05 3.57015E-05 3.57015E-05 3.57015E-05 3.57015E-05 3.57015E-05 3.57015E-05 
1.30726E+03 3.66913E-05 3.66913E-05 3.66913E-05 3.66913E-05 3.66913E-05 3.66913E-05 3.66913E-05 3.66913E-05 3.66913E-05 3.66913E-05 
1.38154E+03 3.77092E-05 3.77092E-05 3.77092E-05 3.77092E-05 3.77092E-05 3.77092E-05 3.77092E-05 3.77092E-05 3.77092E-05 3.77092E-05 
1.46003E+03 3.87559E-05 3.87559E-05 3.87559E-05 3.87559E-05 3.87559E-05 3.87559E-05 3.87559E-05 3.87559E-05 3.87559E-05 3.87559E-05 
1.54299E+03 3.98323E-05 3.98323E-05 3.98323E-05 3.98323E-05 3.98323E-05 3.98323E-05 3.98323E-05 3.98323E-05 3.98323E-05 3.98323E-05 
1.63066E+03 4.09391E-05 4.09391E-05 4.09391E-05 4.09391E-05 4.09391E-05 4.09391E-05 4.09391E-05 4.09391E-05 4.09391E-05 4.09391E-05 
1.72331E+03 4.20771E-05 4.20771E-05 4.20771E-05 4.20771E-05 4.20771E-05 4.20771E-05 4.20771E-05 4.20771E-05 4.20771E-05 4.20771E-05 
1.82122E+03 4.32474E-05 4.32474E-05 4.32474E-05 4.32474E-05 4.32474E-05 4.32474E-05 4.32474E-05 4.32474E-05 4.32474E-05 4.32474E-05 
1.92470E+03 4.44507E-05 4.44507E-05 4.44507E-05 4.44507E-05 4.44507E-05 4.44507E-05 4.44507E-05 4.44507E-05 4.44507E-05 4.44507E-05 
2.03405E+03 4.56880E-05 4.56880E-05 4.56880E-05 4.56880E-05 4.56880E-05 4.56880E-05 4.56880E-05 4.56880E-05 4.56880E-05 4.56880E-05 
2.14962E+03 4.69601E-05 4.69601E-05 4.69601E-05 4.69601E-05 4.69601E-05 4.69601E-05 4.69601E-05 4.69601E-05 4.69601E-05 4.69601E-05 
2.27176E+03 4.82682E-05 4.82682E-05 4.82682E-05 4.82682E-05 4.82682E-05 4.82682E-05 4.82682E-05 4.82682E-05 4.82682E-05 4.82682E-05 
2.40084E+03 4.96131E-05 4.96131E-05 4.96131E-05 4.96131E-05 4.96131E-05 4.96131E-05 4.96131E-05 4.96131E-05 4.96131E-05 4.96131E-05 
2.53725E+03 5.09959E-05 5.09959E-05 5.09959E-05 5.09959E-05 5.09959E-05 5.09959E-05 5.09959E-05 5.09959E-05 5.09959E-05 5.09959E-05 
2.68141E+03 5.24177E-05 5.24177E-05 5.24177E-05 5.24177E-05 5.24177E-05 5.24177E-05 5.24177E-05 5.24177E-05 5.24177E-05 5.24177E-05 
2.83376E+03 5.38795E-05 5.38795E-05 5.38795E-05 5.38795E-05 5.38795E-05 5.38795E-05 5.38795E-05 5.38795E-05 5.38795E-05 5.38795E-05 
2.99476E+03 5.53824E-05 5.53824E-05 5.53824E-05 5.53824E-05 5.53824E-05 5.53824E-05 5.53824E-05 5.53824E-05 5.53824E-05 5.53824E-05 
3.16492E+03 5.69277E-05 5.69277E-05 5.69277E-05 5.69277E-05 5.69277E-05 5.69277E-05 5.69277E-05 5.69277E-05 5.69277E-05 5.69277E-05 
3.34474E+03 5.85164E-05 5.85164E-05 5.85164E-05 5.85164E-05 5.85164E-05 5.85164E-05 5.85164E-05 5.85164E-05 5.85164E-05 5.85164E-05 
3.53478E+03 6.01499E-05 6.01499E-05 6.01499E-05 6.01499E-05 6.01499E-05 6.01499E-05 6.01499E-05 6.01499E-05 6.01499E-05 6.01499E-05 
3.73562E+03 6.18292E-05 6.18292E-05 6.18292E-05 6.18292E-05 6.18292E-05 6.18292E-05 6.18292E-05 6.18292E-05 6.18292E-05 6.18292E-05 
3.94787E+03 6.35558E-05 6.35558E-05 6.35558E-05 6.35558E-05 6.35558E-05 6.35558E-05 6.35558E-05 6.35558E-05 6.35558E-05 6.35558E-05 
4.17218E+03 6.53309E-05 6.53309E-05 6.53309E-05 6.53309E-05 6.53309E-05 6.53309E-05 6.53309E-05 6.53309E-05 6.53309E-05 6.53309E-05 
4.40923E+03 6.71559E-05 6.71559E-05 6.71559E-05 6.71559E-05 6.71559E-05 6.71559E-05 6.71559E-05 6.71559E-05 6.71559E-05 6.71559E-05 
4.65975E+03 6.90322E-05 6.90322E-05 6.90322E-05 6.90322E-05 6.90322E-05 6.90322E-05 6.90322E-05 6.90322E-05 6.90322E-05 6.90322E-05 
4.92451E+03 7.09612E-05 7.09612E-05 7.09612E-05 7.09612E-05 7.09612E-05 7.09612E-05 7.09612E-05 7.09612E-05 7.09612E-05 7.09612E-05 
5.20430E+03 7.29444E-05 7.29444E-05 7.29444E-05 7.29444E-05 7.29444E-05 7.29444E-05 7.29444E-05 7.29444E-05 7.29444E-05 7.29444E-05 
5.50000E+03 7.49833E-05 7.49833E-05 7.49833E-05 7.49833E-05 7.49833E-05 7.49833E-05 7.49833E-05 7.49833E-05 7.49833E-05 7.49833E-05 
5.81250E+03 7.70795E-05 7.70795E-05 7.70795E-05 7.70795E-05 7.70795E-05 7.70795E-05 7.70795E-05 7.70795E-05 7.70795E-05 7.70795E-05 
6.14275E+03 7.92345E-05 7.92345E-05 7.92345E-05 7.92345E-05 7.92345E-05 7.92345E-05 7.92345E-05 7.92345E-05 7.92345E-05 7.92345E-05 
6.49176E+03 8.14500E-05 8.14500E-05 8.14500E-05 8.14500E-05 8.14500E-05 8.14500E-05 8.14500E-05 8.14500E-05 8.14500E-05 8.14500E-05 
6.86061E+03 8.37277E-05 8.37277E-05 8.37277E-05 8.37277E-05 8.37277E-05 8.37277E-05 8.37277E-05 8.37277E-05 8.37277E-05 8.37277E-05 
7.25041E+03 8.60693E-05 8.60693E-05 8.60693E-05 8.60693E-05 8.60693E-05 8.60693E-05 8.60693E-05 8.60693E-05 8.60693E-05 8.60693E-05 
7.66236E+03 8.84767E-05 8.84767E-05 8.84767E-05 8.84767E-05 8.84767E-05 8.84767E-05 8.84767E-05 8.84767E-05 8.84767E-05 8.84767E-05 
8.09772E+03 9.09516E-05 9.09516E-05 9.09516E-05 9.09516E-05 9.09516E-05 9.09516E-05 9.09516E-05 9.09516E-05 9.09516E-05 9.09516E-05 
8.55781E+03 9.34959E-05 9.34959E-05 9.34959E-05 9.34959E-05 9.34959E-05 9.34959E-05 9.34959E-05 9.34959E-05 9.34959E-05 9.34959E-05 
9.04404E+03 9.61117E-05 9.61117E-05 9.61117E-05 9.61117E-05 9.61117E-05 9.61117E-05 9.61117E-05 9.61117E-05 9.61117E-05 9.61117E-05 
9.55790E+03 9.88008E-05 9.88008E-05 9.88008E-05 9.88008E-05 9.88008E-05 9.88008E-05 9.88008E-05 9.88008E-05 9.88008E-05 9.88008E-05 
