5.20000E-01 1.53679E-01 3.34715E+05 1.56941E+02 5.10455E+04 4.06946E+07 5.79352E+04 1.31447E+02 7.44575E+04 5.26226E+04 1.19461E+02 
5.32112E-01 1.16672E-01 2.51722E+05 1.18223E+02 3.92813E+04 3.03860E+07 4.44667E+04 1.01609E+02 5.58570E+04 3.94766E+04 9.02574E+01 
5.44507E-01 9.13953E-02 1.94905E+05 9.20631E+01 3.11351E+04 2.34188E+07 3.52438E+04 8.10429E+01 4.32716E+04 3.05819E+04 7.03624E+01 
5.57190E-01 7.34780E-02 1.55033E+05 7.36959E+01 2.53517E+04 1.86011E+07 2.87769E+04 6.63168E+01 3.45338E+04 2.44065E+04 5.62765E+01 
5.70169E-01 6.03036E-02 1.25726E+05 6.03072E+01 2.10396E+04 1.50265E+07 2.39329E+04 5.53935E+01 2.80722E+04 1.98397E+04 4.59454E+01 
5.83450E-01 5.02958E-02 1.03705E+05 5.01801E+01 1.77631E+04 1.23810E+07 2.02849E+04 4.70231E+01 2.32561E+04 1.64360E+04 3.81220E+01 
5.97040E-01 4.25248E-02 8.66915E+04 4.23268E+01 1.51951E+04 1.03298E+07 1.74165E+04 4.04641E+01 1.95170E+04 1.37933E+04 3.20641E+01 
6.10947E-01 3.64279E-02 7.33657E+04 3.61772E+01 1.31602E+04 8.72882E+06 1.51494E+04 3.52726E+01 1.65934E+04 1.17271E+04 2.73195E+01 
6.25178E-01 3.16032E-02 6.28615E+04 3.13252E+01 1.15398E+04 7.47210E+06 1.33506E+04 3.11286E+01 1.42931E+04 1.01014E+04 2.35658E+01 
6.39740E-01 2.77378E-02 5.44314E+04 2.74502E+01 1.02252E+04 6.46175E+06 1.18964E+04 2.77831E+01 1.24490E+04 8.79803E+03 2.05585E+01 
6.54641E-01 2.45950E-02 4.75927E+04 2.43089E+01 9.14924E+03 5.64598E+06 1.07118E+04 2.50439E+01 1.09566E+04 7.74328E+03 1.81137E+01 
6.69890E-01 2.20009E-02 4.19576E+04 2.17220E+01 8.25377E+03 4.97454E+06 9.73018E+03 2.27685E+01 9.72811E+03 6.87507E+03 1.60966E+01 
6.85494E-01 1.98292E-02 3.72450E+04 1.95605E+01 7.49716E+03 4.41354E+06 8.90400E+03 2.08524E+01 8.70143E+03 6.14946E+03 1.44096E+01 
7.01461E-01 1.79888E-02 3.32687E+04 1.77316E+01 6.85245E+03 3.94124E+06 8.20162E+03 1.92193E+01 7.83439E+03 5.53668E+03 1.29818E+01 
7.17800E-01 1.64126E-02 2.98738E+04 1.61672E+01 6.29592E+03 3.53739E+06 7.59693E+03 1.78129E+01 7.09327E+03 5.01289E+03 1.17607E+01 
7.34520E-01 1.50504E-02 2.69517E+04 1.48168E+01 5.81189E+03 3.19050E+06 7.07200E+03 1.65910E+01 6.45439E+03 4.56137E+03 1.07071E+01 
7.51629E-01 1.38643E-02 2.44178E+04 1.36418E+01 5.38744E+03 2.88957E+06 6.61288E+03 1.55213E+01 5.89944E+03 4.16916E+03 9.79121E+00 
7.69136E-01 1.28250E-02 2.22058E+04 1.26130E+01 5.01290E+03 2.62742E+06 6.20933E+03 1.45791E+01 5.41470E+03 3.82657E+03 8.98975E+00 
7.87052E-01 1.19094E-02 2.02632E+04 1.17074E+01 4.68018E+03 2.39684E+06 5.85133E+03 1.37448E+01 4.98765E+03 3.52475E+03 8.28449E+00 
8.05385E-01 1.10993E-02 1.85488E+04 1.09065E+01 4.38336E+03 2.19382E+06 5.53390E+03 1.30027E+01 4.61093E+03 3.25850E+03 7.66082E+00 
8.24144E-01 1.03793E-02 1.70284E+04 1.01951E+01 4.11704E+03 2.01361E+06 5.25002E+03 1.23400E+01 4.27597E+03 3.02177E+03 7.10676E+00 
8.43341E-01 9.73706E-03 1.56737E+04 9.56083E+00 3.87708E+03 1.85310E+06 4.99567E+03 1.17459E+01 3.97730E+03 2.81068E+03 6.61242E+00 
8.62985E-01 9.16213E-03 1.44629E+04 8.99332E+00 3.66017E+03 1.70980E+06 4.76736E+03 1.12114E+01 3.71018E+03 2.62189E+03 6.16960E+00 
8.83087E-01 8.64569E-03 1.33743E+04 8.48381E+00 3.46280E+03 1.58085E+06 4.56083E+03 1.07290E+01 3.46966E+03 2.45191E+03 5.77142E+00 
9.03656E-01 8.18003E-03 1.23941E+04 8.02473E+00 3.28305E+03 1.46489E+06 4.37436E+03 1.02921E+01 3.25302E+03 2.29879E+03 5.41194E+00 
9.24705E-01 7.75865E-03 1.15065E+04 7.60941E+00 3.11821E+03 1.35986E+06 4.20461E+03 9.89488E+00 3.05653E+03 2.15992E+03 5.08615E+00 
9.46244E-01 7.37571E-03 1.07008E+04 7.23218E+00 2.96668E+03 1.26451E+06 4.04980E+03 9.53229E+00 2.87787E+03 2.03365E+03 4.78972E+00 
9.68285E-01 7.02641E-03 9.96665E+03 6.88821E+00 2.82680E+03 1.17775E+06 3.90817E+03 9.20016E+00 2.71487E+03 1.91845E+03 4.51902E+00 
9.90840E-01 6.70679E-03 9.29564E+03 6.57360E+00 2.69718E+03 1.09836E+06 3.77785E+03 8.89489E+00 2.56543E+03 1.81283E+03 4.27099E+00 
1.01392E+00 6.41341E-03 8.68095E+03 6.28491E+00 2.57678E+03 1.02567E+06 3.65784E+03 8.61345E+00 2.42821E+03 1.71584E+03 4.04303E+00 
1.03754E+00 6.14328E-03 8.11625E+03 6.01923E+00 2.46457E+03 9.58903E+05 3.54689E+03 8.35323E+00 2.30174E+03 1.62645E+03 3.83293E+00 
1.06170E+00 5.89406E-03 7.59614E+03 5.77413E+00 2.35966E+03 8.97459E+05 3.44412E+03 8.11199E+00 2.18493E+03 1.54389E+03 3.63875E+00 
1.08643E+00 5.66352E-03 7.11623E+03 5.54746E+00 2.26138E+03 8.40723E+05 3.34858E+03 7.88781E+00 2.07670E+03 1.46740E+03 3.45887E+00 
1.11174E+00 5.44980E-03 6.67249E+03 5.33739E+00 2.16907E+03 7.88272E+05 3.25960E+03 7.67897E+00 1.97622E+03 1.39638E+03 3.29182E+00 
1.13764E+00 5.25125E-03 6.26145E+03 5.14228E+00 2.08218E+03 7.39698E+05 3.17656E+03 7.48399E+00 1.88274E+03 1.33031E+03 3.13636E+00 
1.16413E+00 5.06642E-03 5.88001E+03 4.96070E+00 2.00020E+03 6.94616E+05 3.09886E+03 7.30153E+00 1.79556E+03 1.26869E+03 2.99137E+00 
1.19125E+00 4.89404E-03 5.52549E+03 4.79138E+00 1.92272E+03 6.52726E+05 3.02601E+03 7.13042E+00 1.71410E+03 1.21112E+03 2.85586E+00 
1.21900E+00 4.73296E-03 5.19554E+03 4.63320E+00 1.84935E+03 6.13740E+05 2.95758E+03 6.96962E+00 1.63786E+03 1.15723E+03 2.72899E+00 
1.24739E+00 4.58219E-03 4.88811E+03 4.48517E+00 1.77979E+03 5.77408E+05 2.89316E+03 6.81826E+00 1.56635E+03 1.10668E+03 2.61000E+00 
1.27645E+00 4.44087E-03 4.60163E+03 4.34642E+00 1.71387E+03 5.43558E+05 2.83249E+03 6.67566E+00 1.49921E+03 1.05923E+03 2.49827E+00 
1.30618E+00 4.30821E-03 4.33467E+03 4.21621E+00 1.65140E+03 5.12004E+05 2.77527E+03 6.54122E+00 1.43611E+03 1.01462E+03 2.39324E+00 
1.33661E+00 4.18355E-03 4.08606E+03 4.09385E+00 1.59233E+03 4.82614E+05 2.72135E+03 6.41456E+00 1.37675E+03 9.72669E+02 2.29446E+00 
1.36774E+00 4.06634E-03 3.85504E+03 3.97881E+00 1.53668E+03 4.55294E+05 2.67065E+03 6.29550E+00 1.32093E+03 9.33215E+02 2.20158E+00 
1.39960E+00 3.95609E-03 3.64097E+03 3.87061E+00 1.48455E+03 4.29973E+05 2.62317E+03 6.18408E+00 1.26849E+03 8.96148E+02 2.11433E+00 
1.43220E+00 3.85242E-03 3.44325E+03 3.76885E+00 1.43605E+03 4.06582E+05 2.57897E+03 6.08041E+00 1.21930E+03 8.61374E+02 2.03250E+00 
1.46556E+00 3.75496E-03 3.26117E+03 3.67319E+00 1.39122E+03 3.85043E+05 2.53811E+03 5.98463E+00 1.17322E+03 8.28808E+02 1.95586E+00 
1.49970E+00 3.66337E-03 3.09383E+03 3.58330E+00 1.35002E+03 3.65248E+05 2.50061E+03 5.89677E+00 1.13013E+03 7.98346E+02 1.88418E+00 
1.53463E+00 3.57735E-03 2.94026E+03 3.49886E+00 1.31233E+03 3.47082E+05 2.46647E+03 5.81685E+00 1.08987E+03 7.69889E+02 1.81722E+00 
1.57037E+00 3.49663E-03 2.79958E+03 3.41961E+00 1.27809E+03 3.30436E+05 2.43569E+03 5.74491E+00 1.05231E+03 7.43341E+02 1.75477E+00 
1.60695E+00 3.42100E-03 2.67109E+03 3.34535E+00 1.24729E+03 3.15226E+05 2.40837E+03 5.68119E+00 1.01735E+03 7.18633E+02 1.69668E+00 
1.64438E+00 3.35028E-03 2.55417E+03 3.27590E+00 1.21993E+03 3.01392E+05 2.38467E+03 5.62598E+00 9.84934E+02 6.95721E+02 1.64280E+00 
1.68269E+00 3.28428E-03 2.44798E+03 3.21109E+00 1.19590E+03 2.88836E+05 2.36462E+03 5.57932E+00 9.54943E+02 6.74524E+02 1.59294E+00 
1.72188E+00 3.22270E-03 2.35138E+03 3.15063E+00 1.17491E+03 2.77418E+05 2.34806E+03 5.54083E+00 9.27187E+02 6.54907E+02 1.54679E+00 
1.76199E+00 3.16526E-03 2.26321E+03 3.09424E+00 1.15664E+03 2.66998E+05 2.33477E+03 5.51002E+00 9.01465E+02 6.36728E+02 1.50401E+00 
1.80303E+00 3.11170E-03 2.18252E+03 3.04165E+00 1.14080E+03 2.57461E+05 2.32455E+03 5.48647E+00 8.77604E+02 6.19864E+02 1.46433E+00 
1.84503E+00 3.06179E-03 2.10851E+03 2.99264E+00 1.12721E+03 2.48715E+05 2.31729E+03 5.46988E+00 8.55459E+02 6.04213E+02 1.42750E+00 
1.88801E+00 3.01536E-03 2.04061E+03 2.94704E+00 1.11572E+03 2.40688E+05 2.31292E+03 5.46013E+00 8.34918E+02 5.89696E+02 1.39335E+00 
1.93198E+00 2.97226E-03 1.97830E+03 2.90470E+00 1.10624E+03 2.33323E+05 2.31140E+03 5.45710E+00 8.15885E+02 5.76245E+02 1.36171E+00 
1.97698E+00 2.93234E-03 1.92118E+03 2.86547E+00 1.09870E+03 2.26572E+05 2.31272E+03 5.46078E+00 7.98277E+02 5.63801E+02 1.33244E+00 
2.02303E+00 2.89547E-03 1.86887E+03 2.82924E+00 1.09305E+03 2.20389E+05 2.31688E+03 5.47117E+00 7.82020E+02 5.52312E+02 1.30542E+00 
2.07016E+00 2.86155E-03 1.82106E+03 2.79590E+00 1.08925E+03 2.14738E+05 2.32389E+03 5.48830E+00 7.67044E+02 5.41728E+02 1.28053E+00 
2.11838E+00 2.83046E-03 1.77742E+03 2.76533E+00 1.08725E+03 2.09580E+05 2.33376E+03 5.51218E+00 7.53282E+02 5.32002E+02 1.25766E+00 
2.16772E+00 2.80207E-03 1.73764E+03 2.73740E+00 1.08700E+03 2.04879E+05 2.34648E+03 5.54276E+00 7.40663E+02 5.23085E+02 1.23669E+00 
2.21821E+00 2.77626E-03 1.70142E+03 2.71201E+00 1.08844E+03 2.00600E+05 2.36201E+03 5.57999E+00 7.29116E+02 5.14924E+02 1.21750E+00 
2.26988E+00 2.75290E-03 1.66846E+03 2.68903E+00 1.09150E+03 1.96706E+05 2.38033E+03 5.62378E+00 7.18569E+02 5.07470E+02 1.19997E+00 
2.32275E+00 2.73187E-03 1.63847E+03 2.66832E+00 1.09610E+03 1.93164E+05 2.40138E+03 5.67402E+00 7.08951E+02 5.00674E+02 1.18399E+00 
2.37686E+00 2.71303E-03 1.61118E+03 2.64977E+00 1.10219E+03 1.89941E+05 2.42511E+03 5.73057E+00 7.00194E+02 4.94484E+02 1.16944E+00 
2.43222E+00 2.69626E-03 1.58631E+03 2.63325E+00 1.10967E+03 1.87005E+05 2.45145E+03 5.79328E+00 6.92226E+02 4.88854E+02 1.15619E+00 
2.48888E+00 2.68143E-03 1.56364E+03 2.61863E+00 1.11846E+03 1.84328E+05 2.48032E+03 5.86198E+00 6.84983E+02 4.83735E+02 1.14416E+00 
2.54685E+00 2.66844E-03 1.54295E+03 2.60582E+00 1.12852E+03 1.81884E+05 2.51169E+03 5.93660E+00 6.78411E+02 4.79090E+02 1.13324E+00 
2.60617E+00 2.65722E-03 1.52410E+03 2.59473E+00 1.13983E+03 1.79658E+05 2.54557E+03 6.01716E+00 6.72472E+02 4.74892E+02 1.12338E+00 
2.66688E+00 2.64770E-03 1.50699E+03 2.58531E+00 1.15237E+03 1.77636E+05 2.58200E+03 6.10374E+00 6.67136E+02 4.71121E+02 1.11452E+00 
2.72900E+00 2.63983E-03 1.49153E+03 2.57751E+00 1.16617E+03 1.75809E+05 2.62101E+03 6.19646E+00 6.62377E+02 4.67757E+02 1.10663E+00 
2.79257E+00 2.63355E-03 1.47762E+03 2.57126E+00 1.18124E+03 1.74167E+05 2.66266E+03 6.29543E+00 6.58172E+02 4.64785E+02 1.09966E+00 
2.85761E+00 2.62883E-03 1.46520E+03 2.56654E+00 1.19758E+03 1.72699E+05 2.70700E+03 6.40078E+00 6.54498E+02 4.62187E+02 1.09357E+00 
2.92417E+00 2.62560E-03 1.45419E+03 2.56328E+00 1.21521E+03 1.71398E+05 2.75408E+03 6.51263E+00 6.51331E+02 4.59948E+02 1.08833E+00 
2.99229E+00 2.62382E-03 1.44451E+03 2.56144E+00 1.23415E+03 1.70254E+05 2.80396E+03 6.63110E+00 6.48650E+02 4.58053E+02 1.08389E+00 
3.06199E+00 2.62344E-03 1.43610E+03 2.56097E+00 1.25440E+03 1.69259E+05 2.85669E+03 6.75632E+00 6.46433E+02 4.56485E+02 1.08023E+00 
3.13331E+00 2.62442E-03 1.42888E+03 2.56182E+00 1.27599E+03 1.68406E+05 2.91231E+03 6.88842E+00 6.44660E+02 4.55231E+02 1.07731E+00 
3.20629E+00 2.62670E-03 1.42280E+03 2.56396E+00 1.29892E+03 1.67687E+05 2.97089E+03 7.02754E+00 6.43313E+02 4.54277E+02 1.07510E+00 
3.28098E+00 2.63027E-03 1.41780E+03 2.56735E+00 1.32322E+03 1.67095E+05 3.03250E+03 7.17384E+00 6.42374E+02 4.53612E+02 1.07357E+00 
3.35740E+00 2.63506E-03 1.41384E+03 2.57194E+00 1.34892E+03 1.66626E+05 3.09720E+03 7.32749E+00 6.41827E+02 4.53224E+02 1.07269E+00 
3.43561E+00 2.64106E-03 1.41086E+03 2.57771E+00 1.37603E+03 1.66273E+05 3.16507E+03 7.48866E+00 6.41658E+02 4.53103E+02 1.07245E+00 
3.51563E+00 2.64822E-03 1.40883E+03 2.58462E+00 1.40460E+03 1.66031E+05 3.23618E+03 7.65754E+00 6.41854E+02 4.53239E+02 1.07281E+00 
3.59752E+00 2.65652E-03 1.40771E+03 2.59264E+00 1.43465E+03 1.65897E+05 3.31062E+03 7.83433E+00 6.42400E+02 4.53623E+02 1.07376E+00 
3.68132E+00 2.66592E-03 1.40745E+03 2.60174E+00 1.46621E+03 1.65866E+05 3.38847E+03 8.01922E+00 6.43286E+02 4.54247E+02 1.07527E+00 
3.76707E+00 2.67639E-03 1.40804E+03 2.61189E+00 1.49932E+03 1.65933E+05 3.46981E+03 8.21242E+00 6.44499E+02 4.55102E+02 1.07732E+00 
3.85481E+00 2.68790E-03 1.40942E+03 2.62306E+00 1.53402E+03 1.66094E+05 3.55474E+03 8.41415E+00 6.46026E+02 4.56179E+02 1.07991E+00 
3.94460E+00 2.70042E-03 1.41157E+03 2.63521E+00 1.57032E+03 1.66346E+05 3.64333E+03 8.62460E+00 6.47857E+02 4.57471E+02 1.08299E+00 
4.03649E+00 2.71393E-03 1.41445E+03 2.64833E+00 1.60828E+03 1.66685E+05 3.73568E+03 8.84399E+00 6.49981E+02 4.58969E+02 1.08657E+00 
4.13051E+00 2.72838E-03 1.41804E+03 2.66238E+00 1.64792E+03 1.67107E+05 3.83188E+03 9.07255E+00 6.52387E+02 4.60667E+02 1.09062E+00 
4.22672E+00 2.74377E-03 1.42231E+03 2.67733E+00 1.68929E+03 1.67608E+05 3.93203E+03 9.31051E+00 6.55064E+02 4.62556E+02 1.09512E+00 
4.32517E+00 2.76006E-03 1.42722E+03 2.69317E+00 1.73242E+03 1.68186E+05 4.03622E+03 9.55811E+00 6.58004E+02 4.64631E+02 1.10005E+00 
4.42592E+00 2.77722E-03 1.43276E+03 2.70987E+00 1.77736E+03 1.68838E+05 4.14455E+03 9.81558E+00 6.61198E+02 4.66885E+02 1.10541E+00 
4.52901E+00 2.79524E-03 1.43889E+03 2.72740E+00 1.82414E+03 1.69560E+05 4.25713E+03 1.00832E+01 6.64636E+02 4.69312E+02 1.11118E+00 
4.63450E+00 2.81409E-03 1.44561E+03 2.74574E+00 1.87282E+03 1.70350E+05 4.37407E+03 1.03612E+01 6.68312E+02 4.71907E+02 1.11735E+00 
4.74246E+00 2.83375E-03 1.45288E+03 2.76489E+00 1.92345E+03 1.71207E+05 4.49548E+03 1.06499E+01 6.72218E+02 4.74664E+02 1.12390E+00 
4.85292E+00 2.85421E-03 1.46070E+03 2.78480E+00 1.97607E+03 1.72127E+05 4.62150E+03 1.09496E+01 6.76349E+02 4.77580E+02 1.13082E+00 
4.96596E+00 2.87545E-03 1.46904E+03 2.80548E+00 2.03074E+03 1.73110E+05 4.75224E+03 1.12606E+01 6.80698E+02 4.80650E+02 1.13811E+00 
5.08163E+00 2.89745E-03 1.47790E+03 2.82691E+00 2.08752E+03 1.74153E+05 4.88783E+03 1.15832E+01 6.85259E+02 4.83870E+02 1.14575E+00 
5.20000E+00 2.92019E-03 1.48725E+03 2.84906E+00 2.14646E+03 1.75255E+05 5.02841E+03 1.19177E+01 6.90028E+02 4.87237E+02 1.15374E+00 
5.32112E+00 2.94366E-03 1.49709E+03 2.87193E+00 2.20762E+03 1.76413E+05 5.17410E+03 1.22645E+01 6.94998E+02 4.90745E+02 1.16206E+00 
5.44507E+00 2.96785E-03 1.50739E+03 2.89549E+00 2.27106E+03 1.77627E+05 5.32504E+03 1.26238E+01 7.00164E+02 4.94392E+02 1.17071E+00 
5.57190E+00 2.99273E-03 1.51814E+03 2.91973E+00 2.33682E+03 1.78893E+05 5.48135E+03 1.29960E+01 7.05518E+02 4.98172E+02 1.17968E+00 
5.70169E+00 3.01829E-03 1.52932E+03 2.94464E+00 2.40497E+03 1.80210E+05 5.64317E+03 1.33815E+01 7.11055E+02 5.02082E+02 1.18895E+00 
5.83450E+00 3.04450E-03 1.54092E+03 2.97019E+00 2.47556E+03 1.81577E+05 5.81063E+03 1.37804E+01 7.16769E+02 5.06116E+02 1.19851E+00 
5.97040E+00 3.07137E-03 1.55292E+03 2.99637E+00 2.54865E+03 1.82990E+05 5.98387E+03 1.41933E+01 7.22655E+02 5.10271E+02 1.20836E+00 
6.10947E+00 3.09887E-03 1.56530E+03 3.02318E+00 2.62431E+03 1.84449E+05 6.16304E+03 1.46204E+01 7.28708E+02 5.14545E+02 1.21850E+00 
6.25178E+00 3.12700E-03 1.57806E+03 3.05060E+00 2.70259E+03 1.85953E+05 6.34829E+03 1.50622E+01 7.34924E+02 5.18934E+02 1.22890E+00 
6.39740E+00 3.15575E-03 1.59119E+03 3.07862E+00 2.78357E+03 1.87499E+05 6.53978E+03 1.55190E+01 7.41300E+02 5.23435E+02 1.23957E+00 
6.54641E+00 3.18510E-03 1.60468E+03 3.10723E+00 2.86731E+03 1.89088E+05 6.73769E+03 1.59912E+01 7.47832E+02 5.28047E+02 1.25050E+00 
6.69890E+00 3.21505E-03 1.61851E+03 3.13643E+00 2.95390E+03 1.90718E+05 6.94218E+03 1.64793E+01 7.54518E+02 5.32768E+02 1.26169E+00 
6.85494E+00 3.24560E-03 1.63269E+03 3.16622E+00 3.04341E+03 1.92389E+05 7.15343E+03 1.69838E+01 7.61356E+02 5.37595E+02 1.27313E+00 
7.01461E+00 3.27674E-03 1.64721E+03 3.19658E+00 3.13593E+03 1.94099E+05 7.37162E+03 1.75050E+01 7.68343E+02 5.42529E+02 1.28482E+00 
7.17800E+00 3.30847E-03 1.66205E+03 3.22751E+00 3.23153E+03 1.95848E+05 7.59696E+03 1.80435E+01 7.75478E+02 5.47567E+02 1.29676E+00 
7.34520E+00 3.34078E-03 1.67723E+03 3.25901E+00 3.33031E+03 1.97637E+05 7.82962E+03 1.85998E+01 7.82760E+02 5.52708E+02 1.30894E+00 
7.51629E+00 3.37367E-03 1.69273E+03 3.29108E+00 3.43235E+03 1.99463E+05 8.06983E+03 1.91743E+01 7.90187E+02 5.57952E+02 1.32137E+00 
7.69136E+00 3.40714E-03 1.70856E+03 3.32371E+00 3.53775E+03 2.01328E+05 8.31778E+03 1.97677E+01 7.97758E+02 5.63298E+02 1.33403E+00 
7.87052E+00 3.44119E-03 1.72471E+03 3.35691E+00 3.64661E+03 2.03230E+05 8.57369E+03 2.03804E+01 8.05473E+02 5.68745E+02 1.34694E+00 
8.05385E+00 3.47581E-03 1.74117E+03 3.39067E+00 3.75902E+03 2.05170E+05 8.83779E+03 2.10130E+01 8.13331E+02 5.74293E+02 1.36009E+00 
8.24144E+00 3.51101E-03 1.75795E+03 3.42499E+00 3.87510E+03 2.07147E+05 9.11030E+03 2.16661E+01 8.21331E+02 5.79942E+02 1.37347E+00 
8.43341E+00 3.54678E-03 1.77505E+03 3.45988E+00 3.99494E+03 2.09162E+05 9.39145E+03 2.23402E+01 8.29474E+02 5.85691E+02 1.38709E+00 
8.62985E+00 3.58313E-03 1.79246E+03 3.49532E+00 4.11865E+03 2.11213E+05 9.68148E+03 2.30361E+01 8.37758E+02 5.91540E+02 1.40095E+00 
8.83087E+00 3.62005E-03 1.81018E+03 3.53133E+00 4.24635E+03 2.13302E+05 9.98064E+03 2.37543E+01 8.46184E+02 5.97490E+02 1.41505E+00 
9.03656E+00 3.65755E-03 1.82822E+03 3.56789E+00 4.37814E+03 2.15427E+05 1.02892E+04 2.44954E+01 8.54750E+02 6.03538E+02 1.42938E+00 
9.24705E+00 3.69562E-03 1.84657E+03 3.60502E+00 4.51415E+03 2.17589E+05 1.06073E+04 2.52601E+01 8.63457E+02 6.09686E+02 1.44394E+00 
9.46244E+00 3.73427E-03 1.86522E+03 3.64271E+00 4.65449E+03 2.19787E+05 1.09353E+04 2.60490E+01 8.72304E+02 6.15932E+02 1.45874E+00 
9.68285E+00 3.77349E-03 1.88419E+03 3.68096E+00 4.79929E+03 2.22021E+05 1.12735E+04 2.68629E+01 8.81291E+02 6.22278E+02 1.47377E+00 
9.90840E+00 3.81329E-03 1.90346E+03 3.71977E+00 4.94865E+03 2.24292E+05 1.16220E+04 2.77024E+01 8.90417E+02 6.28722E+02 1.48904E+00 
1.01392E+01 3.85366E-03 1.92303E+03 3.75914E+00 5.10272E+03 2.26598E+05 1.19813E+04 2.85683E+01 8.99683E+02 6.35264E+02 1.50454E+00 
1.03754E+01 3.89461E-03 1.94291E+03 3.79908E+00 5.26162E+03 2.28941E+05 1.23514E+04 2.94612E+01 9.09087E+02 6.41904E+02 1.52027E+00 
1.06170E+01 3.93614E-03 1.96309E+03 3.83958E+00 5.42548E+03 2.31319E+05 1.27328E+04 3.03819E+01 9.18631E+02 6.48643E+02 1.53623E+00 
1.08643E+01 3.97825E-03 1.98358E+03 3.88065E+00 5.59444E+03 2.33733E+05 1.31257E+04 3.13312E+01 9.28313E+02 6.55479E+02 1.55242E+00 
1.11174E+01 4.02094E-03 2.00437E+03 3.92228E+00 5.76864E+03 2.36182E+05 1.35305E+04 3.23099E+01 9.38135E+02 6.62414E+02 1.56885E+00 
1.13764E+01 4.06422E-03 2.02546E+03 3.96449E+00 5.94822E+03 2.38667E+05 1.39473E+04 3.33189E+01 9.48096E+02 6.69448E+02 1.58551E+00 
1.16413E+01 4.10809E-03 2.04685E+03 4.00727E+00 6.13333E+03 2.41188E+05 1.43766E+04 3.43588E+01 9.58197E+02 6.76580E+02 1.60241E+00 
1.19125E+01 4.15255E-03 2.06855E+03 4.05063E+00 6.32413E+03 2.43744E+05 1.48186E+04 3.54306E+01 9.68439E+02 6.83811E+02 1.61954E+00 
1.21900E+01 4.19760E-03 2.09055E+03 4.09458E+00 6.52077E+03 2.46337E+05 1.52737E+04 3.65352E+01 9.78822E+02 6.91143E+02 1.63690E+00 
1.24739E+01 4.24326E-03 2.11286E+03 4.13910E+00 6.72341E+03 2.48966E+05 1.57422E+04 3.76735E+01 9.89347E+02 6.98574E+02 1.65451E+00 
