5.00000E+00 0.00000E+00 0.00000E+00 0.00000E+00 0.00000E+00 0.00000E+00 0.00000E+00 0.00000E+00 0.00000E+00 0.00000E+00 0.00000E+00 
5.28409E+00 0.00000E+00 0.00000E+00 0.00000E+00 0.00000E+00 0.00000E+00 0.00000E+00 0.00000E+00 0.00000E+00 0.00000E+00 0.00000E+00 
5.58432E+00 0.00000E+00 0.00000E+00 0.00000E+00 0.00000E+00 0.00000E+00 0.00000E+00 0.00000E+00 0.00000E+00 0.00000E+00 0.00000E+00 
5.90160E+00 2.64917E-03 2.64917E-03 2.64917E-03 2.64917E-03 2.64917E-03 2.64917E-03 2.64917E-03 2.64917E-03 2.64917E-03 2.64917E-03 
6.23692E+00 1.09045E-03 1.09045E-03 1.09045E-03 1.09045E-03 1.09045E-03 1.09045E-03 1.09045E-03 1.09045E-03 1.09045E-03 1.09045E-03 
6.59128E+00 6.34139E-04 6.34139E-04 6.34139E-04 6.34139E-04 6.34139E-04 6.34139E-04 6.34139E-04 6.34139E-04 6.34139E-04 6.34139E-04 
6.96578E+00 4.19182E-04 4.19182E-04 4.19182E-04 4.19182E-04 4.19182E-04 4.19182E-04 4.19182E-04 4.19182E-04 4.19182E-04 4.19182E-04 
7.36156E+00 2.98021E-04 2.98021E-04 2.98021E-04 2.98021E-04 2.98021E-04 2.98021E-04 2.98021E-04 2.98021E-04 2.98021E-04 2.98021E-04 
7.77983E+00 2.20617E-04 2.20617E-04 2.20617E-04 2.20617E-04 2.20617E-04 2.20617E-04 2.20617E-04 2.20617E-04 2.20617E-04 2.20617E-04 
8.22186E+00 1.68486E-04 1.68486E-04 1.68486E-04 1.68486E-04 1.68486E-04 1.68486E-04 1.68486E-04 1.68486E-04 1.68486E-04 1.68486E-04 
8.68900E+00 1.31939E-04 1.31939E-04 1.31939E-04 1.31939E-04 1.31939E-04 1.31939E-04 1.31939E-04 1.31939E-04 1.31939E-04 1.31939E-04 
9.18269E+00 1.05735E-04 1.05735E-04 1.05735E-04 1.05735E-04 1.05735E-04 1.05735E-04 1.05735E-04 1.05735E-04 1.05735E-04 1.05735E-04 
9.70443E+00 8.59809E-05 8.59809E-05 8.59809E-05 8.59809E-05 8.59809E-05 8.59809E-05 8.59809E-05 8.59809E-05 8.59809E-05 8.59809E-05 
1.02558E+01 7.12286E-05 7.12286E-05 7.12286E-05 7.12286E-05 7.12286E-05 7.12286E-05 7.12286E-05 7.12286E-05 7.12286E-05 7.12286E-05 
1.08385E+01 5.98959E-05 5.98959E-05 5.98959E-05 5.98959E-05 5.98959E-05 5.98959E-05 5.98959E-05 5.98959E-05 5.98959E-05 5.98959E-05 
1.14543E+01 5.11080E-05 5.11080E-05 5.11080E-05 5.11080E-05 5.11080E-05 5.11080E-05 5.11080E-05 5.11080E-05 5.11080E-05 5.11080E-05 
1.21051E+01 4.41680E-05 4.41680E-05 4.41680E-05 4.41680E-05 4.41680E-05 4.41680E-05 4.41680E-05 4.41680E-05 4.41680E-05 4.41680E-05 
1.27929E+01 3.85477E-05 3.85477E-05 3.85477E-05 3.85477E-05 3.85477E-05 3.85477E-05 3.85477E-05 3.85477E-05 3.85477E-05 3.85477E-05 
1.35198E+01 3.40242E-05 3.40242E-05 3.40242E-05 3.40242E-05 3.40242E-05 3.40242E-05 3.40242E-05 3.40242E-05 3.40242E-05 3.40242E-05 
1.42880E+01 3.03383E-05 3.03383E-05 3.03383E-05 3.03383E-05 3.03383E-05 3.03383E-05 3.03383E-05 3.03383E-05 3.03383E-05 3.03383E-05 
1.50998E+01 2.72986E-05 2.72986E-05 2.72986E-05 2.72986E-05 2.72986E-05 2.72986E-05 2.72986E-05 2.72986E-05 2.72986E-05 2.72986E-05 
1.59577E+01 2.48033E-05 2.48033E-05 2.48033E-05 2.48033E-05 2.48033E-05 2.48033E-05 2.48033E-05 2.48033E-05 2.48033E-05 2.48033E-05 
1.68644E+01 2.26880E-05 2.26880E-05 2.26880E-05 2.26880E-05 2.26880E-05 2.26880E-05 2.26880E-05 2.26880E-05 2.26880E-05 2.26880E-05 
1.78226E+01 2.09086E-05 2.09086E-05 2.09086E-05 2.09086E-05 2.09086E-05 2.09086E-05 2.09086E-05 2.09086E-05 2.09086E-05 2.09086E-05 
1.88352E+01 1.94099E-05 1.94099E-05 1.94099E-05 1.94099E-05 1.94099E-05 1.94099E-05 1.94099E-05 1.94099E-05 1.94099E-05 1.94099E-05 
1.99054E+01 1.81367E-05 1.81367E-05 1.81367E-05 1.81367E-05 1.81367E-05 1.81367E-05 1.81367E-05 1.81367E-05 1.81367E-05 1.81367E-05 
2.10363E+01 1.70438E-05 1.70438E-05 1.70438E-05 1.70438E-05 1.70438E-05 1.70438E-05 1.70438E-05 1.70438E-05 1.70438E-05 1.70438E-05 
2.22316E+01 1.61258E-05 1.61258E-05 1.61258E-05 1.61258E-05 1.61258E-05 1.61258E-05 1.61258E-05 1.61258E-05 1.61258E-05 1.61258E-05 
2.34947E+01 1.53302E-05 1.53302E-05 1.53302E-05 1.53302E-05 1.53302E-05 1.53302E-05 1.53302E-05 1.53302E-05 1.53302E-05 1.53302E-05 
2.48296E+01 1.46485E-05 1.46485E-05 1.46485E-05 1.46485E-05 1.46485E-05 1.46485E-05 1.46485E-05 1.46485E-05 1.46485E-05 1.46485E-05 
2.62404E+01 1.40662E-05 1.40662E-05 1.40662E-05 1.40662E-05 1.40662E-05 1.40662E-05 1.40662E-05 1.40662E-05 1.40662E-05 1.40662E-05 
2.77313E+01 1.35515E-05 1.35515E-05 1.35515E-05 1.35515E-05 1.35515E-05 1.35515E-05 1.35515E-05 1.35515E-05 1.35515E-05 1.35515E-05 
2.93069E+01 1.31401E-05 1.31401E-05 1.31401E-05 1.31401E-05 1.31401E-05 1.31401E-05 1.31401E-05 1.31401E-05 1.31401E-05 1.31401E-05 
3.09721E+01 1.27750E-05 1.27750E-05 1.27750E-05 1.27750E-05 1.27750E-05 1.27750E-05 1.27750E-05 1.27750E-05 1.27750E-05 1.27750E-05 
3.27318E+01 1.24839E-05 1.24839E-05 1.24839E-05 1.24839E-05 1.24839E-05 1.24839E-05 1.24839E-05 1.24839E-05 1.24839E-05 1.24839E-05 
3.45915E+01 1.22202E-05 1.22202E-05 1.22202E-05 1.22202E-05 1.22202E-05 1.22202E-05 1.22202E-05 1.22202E-05 1.22202E-05 1.22202E-05 
3.65570E+01 1.20231E-05 1.20231E-05 1.20231E-05 1.20231E-05 1.20231E-05 1.20231E-05 1.20231E-05 1.20231E-05 1.20231E-05 1.20231E-05 
3.86340E+01 1.18565E-05 1.18565E-05 1.18565E-05 1.18565E-05 1.18565E-05 1.18565E-05 1.18565E-05 1.18565E-05 1.18565E-05 1.18565E-05 
4.08291E+01 1.17352E-05 1.17352E-05 1.17352E-05 1.17352E-05 1.17352E-05 1.17352E-05 1.17352E-05 1.17352E-05 1.17352E-05 1.17352E-05 
4.31489E+01 1.16421E-05 1.16421E-05 1.16421E-05 1.16421E-05 1.16421E-05 1.16421E-05 1.16421E-05 1.16421E-05 1.16421E-05 1.16421E-05 
4.56005E+01 1.15834E-05 1.15834E-05 1.15834E-05 1.15834E-05 1.15834E-05 1.15834E-05 1.15834E-05 1.15834E-05 1.15834E-05 1.15834E-05 
4.81915E+01 1.15543E-05 1.15543E-05 1.15543E-05 1.15543E-05 1.15543E-05 1.15543E-05 1.15543E-05 1.15543E-05 1.15543E-05 1.15543E-05 
5.09296E+01 1.15571E-05 1.15571E-05 1.15571E-05 1.15571E-05 1.15571E-05 1.15571E-05 1.15571E-05 1.15571E-05 1.15571E-05 1.15571E-05 
5.38233E+01 1.15860E-05 1.15860E-05 1.15860E-05 1.15860E-05 1.15860E-05 1.15860E-05 1.15860E-05 1.15860E-05 1.15860E-05 1.15860E-05 
5.68814E+01 1.16277E-05 1.16277E-05 1.16277E-05 1.16277E-05 1.16277E-05 1.16277E-05 1.16277E-05 1.16277E-05 1.16277E-05 1.16277E-05 
6.01132E+01 1.17096E-05 1.17096E-05 1.17096E-05 1.17096E-05 1.17096E-05 1.17096E-05 1.17096E-05 1.17096E-05 1.17096E-05 1.17096E-05 
6.35287E+01 1.18031E-05 1.18031E-05 1.18031E-05 1.18031E-05 1.18031E-05 1.18031E-05 1.18031E-05 1.18031E-05 1.18031E-05 1.18031E-05 
6.71382E+01 1.19155E-05 1.19155E-05 1.19155E-05 1.19155E-05 1.19155E-05 1.19155E-05 1.19155E-05 1.19155E-05 1.19155E-05 1.19155E-05 
7.09529E+01 1.20438E-05 1.20438E-05 1.20438E-05 1.20438E-05 1.20438E-05 1.20438E-05 1.20438E-05 1.20438E-05 1.20438E-05 1.20438E-05 
7.49842E+01 1.21935E-05 1.21935E-05 1.21935E-05 1.21935E-05 1.21935E-05 1.21935E-05 1.21935E-05 1.21935E-05 1.21935E-05 1.21935E-05 
7.92447E+01 1.23630E-05 1.23630E-05 1.23630E-05 1.23630E-05 1.23630E-05 1.23630E-05 1.23630E-05 1.23630E-05 1.23630E-05 1.23630E-05 
8.37471E+01 1.25471E-05 1.25471E-05 1.25471E-05 1.25471E-05 1.25471E-05 1.25471E-05 1.25471E-05 1.25471E-05 1.25471E-05 1.25471E-05 
8.85054E+01 1.27458E-05 1.27458E-05 1.27458E-05 1.27458E-05 1.27458E-05 1.27458E-05 1.27458E-05 1.27458E-05 1.27458E-05 1.27458E-05 
9.35341E+01 1.29598E-05 1.29598E-05 1.29598E-05 1.29598E-05 1.29598E-05 1.29598E-05 1.29598E-05 1.29598E-05 1.29598E-05 1.29598E-05 
9.88485E+01 1.32014E-05 1.32014E-05 1.32014E-05 1.32014E-05 1.32014E-05 1.32014E-05 1.32014E-05 1.32014E-05 1.32014E-05 1.32014E-05 
1.04465E+02 1.34474E-05 1.34474E-05 1.34474E-05 1.34474E-05 1.34474E-05 1.34474E-05 1.34474E-05 1.34474E-05 1.34474E-05 1.34474E-05 
1.10400E+02 1.37104E-05 1.37104E-05 1.37104E-05 1.37104E-05 1.37104E-05 1.37104E-05 1.37104E-05 1.37104E-05 1.37104E-05 1.37104E-05 
1.16673E+02 1.39865E-05 1.39865E-05 1.39865E-05 1.39865E-05 1.39865E-05 1.39865E-05 1.39865E-05 1.39865E-05 1.39865E-05 1.39865E-05 
1.23302E+02 1.42784E-05 1.42784E-05 1.42784E-05 1.42784E-05 1.42784E-05 1.42784E-05 1.42784E-05 1.42784E-05 1.42784E-05 1.42784E-05 
1.30308E+02 1.45771E-05 1.45771E-05 1.45771E-05 1.45771E-05 1.45771E-05 1.45771E-05 1.45771E-05 1.45771E-05 1.45771E-05 1.45771E-05 
1.37711E+02 1.48987E-05 1.48987E-05 1.48987E-05 1.48987E-05 1.48987E-05 1.48987E-05 1.48987E-05 1.48987E-05 1.48987E-05 1.48987E-05 
1.45536E+02 1.52338E-05 1.52338E-05 1.52338E-05 1.52338E-05 1.52338E-05 1.52338E-05 1.52338E-05 1.52338E-05 1.52338E-05 1.52338E-05 
1.53805E+02 1.55822E-05 1.55822E-05 1.55822E-05 1.55822E-05 1.55822E-05 1.55822E-05 1.55822E-05 1.55822E-05 1.55822E-05 1.55822E-05 
1.62544E+02 1.59450E-05 1.59450E-05 1.59450E-05 1.59450E-05 1.59450E-05 1.59450E-05 1.59450E-05 1.59450E-05 1.59450E-05 1.59450E-05 
1.71779E+02 1.63316E-05 1.63316E-05 1.63316E-05 1.63316E-05 1.63316E-05 1.63316E-05 1.63316E-05 1.63316E-05 1.63316E-05 1.63316E-05 
1.81539E+02 1.67240E-05 1.67240E-05 1.67240E-05 1.67240E-05 1.67240E-05 1.67240E-05 1.67240E-05 1.67240E-05 1.67240E-05 1.67240E-05 
1.91854E+02 1.71311E-05 1.71311E-05 1.71311E-05 1.71311E-05 1.71311E-05 1.71311E-05 1.71311E-05 1.71311E-05 1.71311E-05 1.71311E-05 
2.02754E+02 1.75528E-05 1.75528E-05 1.75528E-05 1.75528E-05 1.75528E-05 1.75528E-05 1.75528E-05 1.75528E-05 1.75528E-05 1.75528E-05 
2.14274E+02 1.79892E-05 1.79892E-05 1.79892E-05 1.79892E-05 1.79892E-05 1.79892E-05 1.79892E-05 1.79892E-05 1.79892E-05 1.79892E-05 
2.26449E+02 1.84407E-05 1.84407E-05 1.84407E-05 1.84407E-05 1.84407E-05 1.84407E-05 1.84407E-05 1.84407E-05 1.84407E-05 1.84407E-05 
2.39315E+02 1.89075E-05 1.89075E-05 1.89075E-05 1.89075E-05 1.89075E-05 1.89075E-05 1.89075E-05 1.89075E-05 1.89075E-05 1.89075E-05 
2.52912E+02 1.93899E-05 1.93899E-05 1.93899E-05 1.93899E-05 1.93899E-05 1.93899E-05 1.93899E-05 1.93899E-05 1.93899E-05 1.93899E-05 
2.67282E+02 1.98880E-05 1.98880E-05 1.98880E-05 1.98880E-05 1.98880E-05 1.98880E-05 1.98880E-05 1.98880E-05 1.98880E-05 1.98880E-05 
2.82468E+02 2.04023E-05 2.04023E-05 2.04023E-05 2.04023E-05 2.04023E-05 2.04023E-05 2.04023E-05 2.04023E-05 2.04023E-05 2.04023E-05 
2.98518E+02 2.09331E-05 2.09331E-05 2.09331E-05 2.09331E-05 2.09331E-05 2.09331E-05 2.09331E-05 2.09331E-05 2.09331E-05 2.09331E-05 
3.15479E+02 2.14807E-05 2.14807E-05 2.14807E-05 2.14807E-05 2.14807E-05 2.14807E-05 2.14807E-05 2.14807E-05 2.14807E-05 2.14807E-05 
3.33403E+02 2.20455E-05 2.20455E-05 2.20455E-05 2.20455E-05 2.20455E-05 2.20455E-05 2.20455E-05 2.20455E-05 2.20455E-05 2.20455E-05 
3.52347E+02 2.26279E-05 2.26279E-05 2.26279E-05 2.26279E-05 2.26279E-05 2.26279E-05 2.26279E-05 2.26279E-05 2.26279E-05 2.26279E-05 
3.72366E+02 2.32281E-05 2.32281E-05 2.32281E-05 2.32281E-05 2.32281E-05 2.32281E-05 2.32281E-05 2.32281E-05 2.32281E-05 2.32281E-05 
3.93523E+02 2.38467E-05 2.38467E-05 2.38467E-05 2.38467E-05 2.38467E-05 2.38467E-05 2.38467E-05 2.38467E-05 2.38467E-05 2.38467E-05 
4.15882E+02 2.44839E-05 2.44839E-05 2.44839E-05 2.44839E-05 2.44839E-05 2.44839E-05 2.44839E-05 2.44839E-05 2.44839E-05 2.44839E-05 
4.39511E+02 2.51403E-05 2.51403E-05 2.51403E-05 2.51403E-05 2.51403E-05 2.51403E-05 2.51403E-05 2.51403E-05 2.51403E-05 2.51403E-05 
4.64483E+02 2.58163E-05 2.58163E-05 2.58163E-05 2.58163E-05 2.58163E-05 2.58163E-05 2.58163E-05 2.58163E-05 2.58163E-05 2.58163E-05 
4.90874E+02 2.65124E-05 2.65124E-05 2.65124E-05 2.65124E-05 2.65124E-05 2.65124E-05 2.65124E-05 2.65124E-05 2.65124E-05 2.65124E-05 
5.18764E+02 2.72291E-05 2.72291E-05 2.72291E-05 2.72291E-05 2.72291E-05 2.72291E-05 2.72291E-05 2.72291E-05 2.72291E-05 2.72291E-05 
5.48239E+02 2.79669E-05 2.79669E-05 2.79669E-05 2.79669E-05 2.79669E-05 2.79669E-05 2.79669E-05 2.79669E-05 2.79669E-05 2.79669E-05 
5.79389E+02 2.87262E-05 2.87262E-05 2.87262E-05 2.87262E-05 2.87262E-05 2.87262E-05 2.87262E-05 2.87262E-05 2.87262E-05 2.87262E-05 
6.12308E+02 2.95078E-05 2.95078E-05 2.95078E-05 2.95078E-05 2.95078E-05 2.95078E-05 2.95078E-05 2.95078E-05 2.95078E-05 2.95078E-05 
6.47098E+02 3.03122E-05 3.03122E-05 3.03122E-05 3.03122E-05 3.03122E-05 3.03122E-05 3.03122E-05 3.03122E-05 3.03122E-05 3.03122E-05 
6.83864E+02 3.11400E-05 3.11400E-05 3.11400E-05 3.11400E-05 3.11400E-05 3.11400E-05 3.11400E-05 3.11400E-05 3.11400E-05 3.11400E-05 
7.22720E+02 3.19918E-05 3.19918E-05 3.19918E-05 3.19918E-05 3.19918E-05 3.19918E-05 3.19918E-05 3.19918E-05 3.19918E-05 3.19918E-05 
7.63783E+02 3.28682E-05 3.28682E-05 3.28682E-05 3.28682E-05 3.28682E-05 3.28682E-05 3.28682E-05 3.28682E-05 3.28682E-05 3.28682E-05 
8.07179E+02 3.37699E-05 3.37699E-05 3.37699E-05 3.37699E-05 3.37699E-05 3.37699E-05 3.37699E-05 3.37699E-05 3.37699E-05 3.37699E-05 
8.53041E+02 3.46975E-05 3.46975E-05 3.46975E-05 3.46975E-05 3.46975E-05 3.46975E-05 3.46975E-05 3.46975E-05 3.46975E-05 3.46975E-05 
9.01509E+02 3.56518E-05 3.56518E-05 3.56518E-05 3.56518E-05 3.56518E-05 3.56518E-05 3.56518E-05 3.56518E-05 3.56518E-05 3.56518E-05 
9.52730E+02 3.66335E-05 3.66335E-05 3.66335E-05 3.66335E-05 3.66335E-05 3.66335E-05 3.66335E-05 3.66335E-05 3.66335E-05 3.66335E-05 
1.00686E+03 3.76434E-05 3.76434E-05 3.76434E-05 3.76434E-05 3.76434E-05 3.76434E-05 3.76434E-05 3.76434E-05 3.76434E-05 3.76434E-05 
1.06407E+03 3.86821E-05 3.86821E-05 3.86821E-05 3.86821E-05 3.86821E-05 3.86821E-05 3.86821E-05 3.86821E-05 3.86821E-05 3.86821E-05 
1.12453E+03 3.97504E-05 3.97504E-05 3.97504E-05 3.97504E-05 3.97504E-05 3.97504E-05 3.97504E-05 3.97504E-05 3.97504E-05 3.97504E-05 
1.18842E+03 4.08493E-05 4.08493E-05 4.08493E-05 4.08493E-05 4.08493E-05 4.08493E-05 4.08493E-05 4.08493E-05 4.08493E-05 4.08493E-05 
1.25594E+03 4.19794E-05 4.19794E-05 4.19794E-05 4.19794E-05 4.19794E-05 4.19794E-05 4.19794E-05 4.19794E-05 4.19794E-05 4.19794E-05 
1.32730E+03 4.31417E-05 4.31417E-05 4.31417E-05 4.31417E-05 4.31417E-05 4.31417E-05 4.31417E-05 4.31417E-05 4.31417E-05 4.31417E-05 
1.40272E+03 4.43370E-05 4.43370E-05 4.43370E-05 4.43370E-05 4.43370E-05 4.43370E-05 4.43370E-05 4.43370E-05 4.43370E-05 4.43370E-05 
1.48242E+03 4.55663E-05 4.55663E-05 4.55663E-05 4.55663E-05 4.55663E-05 4.55663E-05 4.55663E-05 4.55663E-05 4.55663E-05 4.55663E-05 
1.56664E+03 4.68304E-05 4.68304E-05 4.68304E-05 4.68304E-05 4.68304E-05 4.68304E-05 4.68304E-05 4.68304E-05 4.68304E-05 4.68304E-05 
1.65566E+03 4.81304E-05 4.81304E-05 4.81304E-05 4.81304E-05 4.81304E-05 4.81304E-05 4.81304E-05 4.81304E-05 4.81304E-05 4.81304E-05 
1.74973E+03 4.94672E-05 4.94672E-05 4.94672E-05 4.94672E-05 4.94672E-05 4.94672E-05 4.94672E-05 4.94672E-05 4.94672E-05 4.94672E-05 
1.84914E+03 5.08419E-05 5.08419E-05 5.08419E-05 5.08419E-05 5.08419E-05 5.08419E-05 5.08419E-05 5.08419E-05 5.08419E-05 5.08419E-05 
1.95420E+03 5.22554E-05 5.22554E-05 5.22554E-05 5.22554E-05 5.22554E-05 5.22554E-05 5.22554E-05 5.22554E-05 5.22554E-05 5.22554E-05 
2.06524E+03 5.37089E-05 5.37089E-05 5.37089E-05 5.37089E-05 5.37089E-05 5.37089E-05 5.37089E-05 5.37089E-05 5.37089E-05 5.37089E-05 
2.18258E+03 5.52034E-05 5.52034E-05 5.52034E-05 5.52034E-05 5.52034E-05 5.52034E-05 5.52034E-05 5.52034E-05 5.52034E-05 5.52034E-05 
2.30659E+03 5.67402E-05 5.67402E-05 5.67402E-05 5.67402E-05 5.67402E-05 5.67402E-05 5.67402E-05 5.67402E-05 5.67402E-05 5.67402E-05 
2.43764E+03 5.83203E-05 5.83203E-05 5.83203E-05 5.83203E-05 5.83203E-05 5.83203E-05 5.83203E-05 5.83203E-05 5.83203E-05 5.83203E-05 
2.57614E+03 5.99451E-05 5.99451E-05 5.99451E-05 5.99451E-05 5.99451E-05 5.99451E-05 5.99451E-05 5.99451E-05 5.99451E-05 5.99451E-05 
2.72251E+03 6.16156E-05 6.16156E-05 6.16156E-05 6.16156E-05 6.16156E-05 6.16156E-05 6.16156E-05 6.16156E-05 6.16156E-05 6.16156E-05 
2.87720E+03 6.33332E-05 6.33332E-05 6.33332E-05 6.33332E-05 6.33332E-05 6.33332E-05 6.33332E-05 6.33332E-05 6.33332E-05 6.33332E-05 
3.04068E+03 6.50992E-05 6.50992E-05 6.50992E-05 6.50992E-05 6.50992E-05 6.50992E-05 6.50992E-05 6.50992E-05 6.50992E-05 6.50992E-05 
3.21344E+03 6.69149E-05 6.69149E-05 6.69149E-05 6.69149E-05 6.69149E-05 6.69149E-05 6.69149E-05 6.69149E-05 6.69149E-05 6.69149E-05 
3.39602E+03 6.87818E-05 6.87818E-05 6.87818E-05 6.87818E-05 6.87818E-05 6.87818E-05 6.87818E-05 6.87818E-05 6.87818E-05 6.87818E-05 
3.58897E+03 7.07012E-05 7.07012E-05 7.07012E-05 7.07012E-05 7.07012E-05 7.07012E-05 7.07012E-05 7.07012E-05 7.07012E-05 7.07012E-05 
3.79289E+03 7.26746E-05 7.26746E-05 7.26746E-05 7.26746E-05 7.26746E-05 7.26746E-05 7.26746E-05 7.26746E-05 7.26746E-05 7.26746E-05 
4.00839E+03 7.47036E-05 7.47036E-05 7.47036E-05 7.47036E-05 7.47036E-05 7.47036E-05 7.47036E-05 7.47036E-05 7.47036E-05 7.47036E-05 
4.23614E+03 7.67895E-05 7.67895E-05 7.67895E-05 7.67895E-05 7.67895E-05 7.67895E-05 7.67895E-05 7.67895E-05 7.67895E-05 7.67895E-05 
4.47682E+03 7.89342E-05 7.89342E-05 7.89342E-05 7.89342E-05 7.89342E-05 7.89342E-05 7.89342E-05 7.89342E-05 7.89342E-05 7.89342E-05 
4.73119E+03 8.11391E-05 8.11391E-05 8.11391E-05 8.11391E-05 8.11391E-05 8.11391E-05 8.11391E-05 8.11391E-05 8.11391E-05 8.11391E-05 
5.00000E+03 8.34060E-05 8.34060E-05 8.34060E-05 8.34060E-05 8.34060E-05 8.34060E-05 8.34060E-05 8.34060E-05 8.34060E-05 8.34060E-05 
5.28409E+03 8.57366E-05 8.57366E-05 8.57366E-05 8.57366E-05 8.57366E-05 8.57366E-05 8.57366E-05 8.57366E-05 8.57366E-05 8.57366E-05 
5.58432E+03 8.81326E-05 8.81326E-05 8.81326E-05 8.81326E-05 8.81326E-05 8.81326E-05 8.81326E-05 8.81326E-05 8.81326E-05 8.81326E-05 
5.90160E+03 9.05960E-05 9.05960E-05 9.05960E-05 9.05960E-05 9.05960E-05 9.05960E-05 9.05960E-05 9.05960E-05 9.05960E-05 9.05960E-05 
6.23692E+03 9.31285E-05 9.31285E-05 9.31285E-05 9.31285E-05 9.31285E-05 9.31285E-05 9.31285E-05 9.31285E-05 9.31285E-05 9.31285E-05 
6.59128E+03 9.57322E-05 9.57322E-05 9.57322E-05 9.57322E-05 9.57322E-05 9.57322E-05 9.57322E-05 9.57322E-05 9.57322E-05 9.57322E-05 
6.96578E+03 9.84090E-05 9.84090E-05 9.84090E-05 9.84090E-05 9.84090E-05 9.84090E-05 9.84090E-05 9.84090E-05 9.84090E-05 9.84090E-05 
7.36156E+03 1.01161E-04 1.01161E-04 1.01161E-04 1.01161E-04 1.01161E-04 1.01161E-04 1.01161E-04 1.01161E-04 1.01161E-04 1.01161E-04 
7.77983E+03 1.03990E-04 1.03990E-04 1.03990E-04 1.03990E-04 1.03990E-04 1.03990E-04 1.03990E-04 1.03990E-04 1.03990E-04 1.03990E-04 
8.22186E+03 1.06899E-04 1.06899E-04 1.06899E-04 1.06899E-04 1.06899E-04 1.06899E-04 1.06899E-04 1.06899E-04 1.06899E-04 1.06899E-04 
8.68900E+03 1.09889E-04 1.09889E-04 1.09889E-04 1.09889E-04 1.09889E-04 1.09889E-04 1.09889E-04 1.09889E-04 1.09889E-04 1.09889E-04 
9.18269E+03 1.12963E-04 1.12963E-04 1.12963E-04 1.12963E-04 1.12963E-04 1.12963E-04 1.12963E-04 1.12963E-04 1.12963E-04 1.12963E-04 
9.70443E+03 1.16123E-04 1.16123E-04 1.16123E-04 1.16123E-04 1.16123E-04 1.16123E-04 1.16123E-04 1.16123E-04 1.16123E-04 1.16123E-04 
