5.00000E+00 3.87630E-03 1.08113E+02 3.94653E+00 1.52428E+02 1.32543E+04 1.51700E+03 3.43171E+00 2.15912E+02 1.49716E+02 3.44797E-01 
5.11646E+00 3.14880E-03 8.72935E+01 3.19523E+00 1.25241E+02 1.06239E+04 1.24886E+03 2.83502E+00 1.73977E+02 1.20613E+02 2.78765E-01 
5.23564E+00 2.60604E-03 7.21542E+01 2.63688E+00 1.04885E+02 8.68675E+03 1.04861E+03 2.38602E+00 1.42986E+02 9.91085E+01 2.29612E-01 
5.35760E+00 2.19394E-03 6.02892E+01 2.21458E+00 8.92744E+01 7.22292E+03 8.95784E+02 2.04225E+00 1.19564E+02 8.28557E+01 1.92348E-01 
5.48239E+00 1.87539E-03 5.07578E+01 1.88944E+00 7.70878E+01 6.09228E+03 7.76530E+02 1.77447E+00 1.01458E+02 7.04290E+01 1.63576E-01 
5.61009E+00 1.62434E-03 4.34517E+01 1.63410E+00 6.74631E+01 5.21241E+03 6.82787E+02 1.56191E+00 8.73299E+01 6.03162E+01 1.40927E-01 
5.74077E+00 1.42273E-03 3.76003E+01 1.42959E+00 5.96719E+01 4.50884E+03 6.07199E+02 1.39007E+00 7.60280E+01 5.23826E+01 1.22767E-01 
5.87449E+00 1.25827E-03 3.28414E+01 1.26306E+00 5.32483E+01 3.93387E+03 5.44826E+02 1.24896E+00 6.67854E+01 4.62343E+01 1.07971E-01 
6.01132E+00 1.12227E-03 2.89277E+01 1.12561E+00 4.79344E+01 3.46372E+03 4.93320E+02 1.13157E+00 5.92038E+01 4.09742E+01 9.57585E-02 
6.15134E+00 1.00861E-03 2.56620E+01 1.01090E+00 4.34513E+01 3.07278E+03 4.50137E+02 1.03289E+00 5.28908E+01 3.65889E+01 8.55647E-02 
6.29463E+00 9.12691E-04 2.29138E+01 9.14221E-01 3.96428E+01 2.74205E+03 4.13321E+02 9.49128E-01 4.75505E+01 3.28887E+01 7.69718E-02 
6.44125E+00 8.31013E-04 2.05828E+01 8.32007E-01 3.63847E+01 2.46232E+03 3.81936E+02 8.77426E-01 4.30237E+01 2.97529E+01 6.96621E-02 
6.59128E+00 7.60845E-04 1.85830E+01 7.61459E-01 3.35623E+01 2.22355E+03 3.54949E+02 8.15516E-01 3.91518E+01 2.70594E+01 6.33890E-02 
6.74481E+00 7.00064E-04 1.68564E+01 7.00415E-01 3.11032E+01 2.01646E+03 3.31383E+02 7.61632E-01 3.57934E+01 2.47306E+01 5.79612E-02 
6.90192E+00 6.47007E-04 1.53540E+01 6.47173E-01 2.89415E+01 1.83645E+03 3.10748E+02 7.14382E-01 3.28689E+01 2.27028E+01 5.32292E-02 
7.06269E+00 6.00377E-04 1.40380E+01 6.00414E-01 2.70340E+01 1.67938E+03 2.92604E+02 6.72674E-01 3.03098E+01 2.09271E+01 4.90759E-02 
7.22720E+00 5.59161E-04 1.28785E+01 5.59109E-01 2.53351E+01 1.54068E+03 2.76473E+02 6.35656E-01 2.80478E+01 1.93571E+01 4.54094E-02 
7.39554E+00 5.22560E-04 1.18517E+01 5.22448E-01 2.38175E+01 1.41776E+03 2.62087E+02 6.02651E-01 2.60408E+01 1.79657E+01 4.21566E-02 
7.56781E+00 4.89923E-04 1.09384E+01 4.89775E-01 2.24540E+01 1.30876E+03 2.49252E+02 5.73108E-01 2.42567E+01 1.67266E+01 3.92582E-02 
7.74408E+00 4.60712E-04 1.01225E+01 4.60548E-01 2.12242E+01 1.21132E+03 2.37719E+02 5.46573E-01 2.26601E+01 1.56184E+01 3.66651E-02 
7.92447E+00 4.34478E-04 9.39084E+00 4.34312E-01 2.01107E+01 1.12382E+03 2.27322E+02 5.22663E-01 2.12258E+01 1.46236E+01 3.43363E-02 
8.10905E+00 4.10835E-04 8.73213E+00 4.10681E-01 1.91003E+01 1.04523E+03 2.17948E+02 5.01049E-01 1.99353E+01 1.37273E+01 3.22373E-02 
8.29793E+00 3.89458E-04 8.13685E+00 3.89325E-01 1.81805E+01 9.74224E+02 2.09453E+02 4.81453E-01 1.87683E+01 1.29175E+01 3.03385E-02 
8.49122E+00 3.70065E-04 7.59732E+00 3.69962E-01 1.73370E+01 9.09773E+02 2.01724E+02 4.63632E-01 1.77087E+01 1.21814E+01 2.86151E-02 
8.68900E+00 3.52419E-04 7.10672E+00 3.52352E-01 1.65598E+01 8.51256E+02 1.94693E+02 4.47380E-01 1.67453E+01 1.15119E+01 2.70457E-02 
8.89140E+00 3.36310E-04 6.65909E+00 3.36285E-01 1.58463E+01 7.97895E+02 1.88270E+02 4.32517E-01 1.58654E+01 1.09002E+01 2.56120E-02 
9.09850E+00 3.21564E-04 6.24956E+00 3.21584E-01 1.51871E+01 7.49010E+02 1.82377E+02 4.18891E-01 1.50597E+01 1.03400E+01 2.42984E-02 
9.31044E+00 3.08029E-04 5.87390E+00 3.08098E-01 1.45764E+01 7.04226E+02 1.76975E+02 4.06368E-01 1.43197E+01 9.82622E+00 2.30915E-02 
9.52730E+00 2.95575E-04 5.52844E+00 2.95695E-01 1.40092E+01 6.63076E+02 1.72009E+02 3.94835E-01 1.36390E+01 9.35252E+00 2.19797E-02 
9.74922E+00 2.84090E-04 5.21001E+00 2.84262E-01 1.34809E+01 6.25078E+02 1.67421E+02 3.84191E-01 1.30101E+01 8.91597E+00 2.09531E-02 
9.97631E+00 2.73476E-04 4.91588E+00 2.73702E-01 1.29879E+01 5.90036E+02 1.63193E+02 3.74352E-01 1.24287E+01 8.51057E+00 2.00031E-02 
1.02087E+01 2.63651E-04 4.64364E+00 2.63932E-01 1.25269E+01 5.57618E+02 1.59287E+02 3.65245E-01 1.18898E+01 8.13541E+00 1.91220E-02 
1.04465E+01 2.54542E-04 4.39119E+00 2.54879E-01 1.20948E+01 5.27512E+02 1.55665E+02 3.56803E-01 1.13896E+01 7.78693E+00 1.83034E-02 
1.06898E+01 2.46085E-04 4.15674E+00 2.46480E-01 1.16891E+01 4.99589E+02 1.52316E+02 3.48972E-01 1.09243E+01 7.46260E+00 1.75416E-02 
1.09388E+01 2.38224E-04 3.93856E+00 2.38676E-01 1.13079E+01 4.73613E+02 1.49213E+02 3.41698E-01 1.04908E+01 7.16031E+00 1.68312E-02 
1.11936E+01 2.30904E-04 3.73526E+00 2.31416E-01 1.09495E+01 4.49387E+02 1.46330E+02 3.34936E-01 1.00866E+01 6.87825E+00 1.61678E-02 
1.14543E+01 2.24079E-04 3.54551E+00 2.24652E-01 1.06092E+01 4.26797E+02 1.43656E+02 3.28643E-01 9.70888E+00 6.61398E+00 1.55471E-02 
1.17211E+01 2.17707E-04 3.36817E+00 2.18342E-01 1.02889E+01 4.05681E+02 1.41173E+02 3.22780E-01 9.35497E+00 6.36662E+00 1.49655E-02 
1.19942E+01 2.11749E-04 3.20220E+00 2.12447E-01 9.98586E+00 3.85921E+02 1.38864E+02 3.17315E-01 9.02281E+00 6.13454E+00 1.44196E-02 
1.22735E+01 2.06170E-04 3.04666E+00 2.06932E-01 9.69723E+00 3.67402E+02 1.36715E+02 3.12214E-01 8.71080E+00 5.91634E+00 1.39065E-02 
1.25594E+01 2.00939E-04 2.90072E+00 2.01766E-01 9.42375E+00 3.50032E+02 1.34717E+02 3.07451E-01 8.41743E+00 5.71097E+00 1.34234E-02 
1.28520E+01 1.96027E-04 2.76364E+00 1.96920E-01 9.16530E+00 3.33716E+02 1.32856E+02 3.02998E-01 8.14149E+00 5.51739E+00 1.29680E-02 
1.31513E+01 1.91409E-04 2.63475E+00 1.92369E-01 8.92064E+00 3.18374E+02 1.31123E+02 2.98835E-01 7.88170E+00 5.33467E+00 1.25381E-02 
1.34577E+01 1.87062E-04 2.51343E+00 1.88090E-01 8.68725E+00 3.03935E+02 1.29509E+02 2.94939E-01 7.63653E+00 5.16199E+00 1.21317E-02 
1.37711E+01 1.82965E-04 2.39913E+00 1.84063E-01 8.46268E+00 2.90332E+02 1.28007E+02 2.91293E-01 7.40419E+00 4.99858E+00 1.17472E-02 
1.40919E+01 1.79101E-04 2.29136E+00 1.80269E-01 8.24812E+00 2.77506E+02 1.26608E+02 2.87880E-01 7.18387E+00 4.84377E+00 1.13829E-02 
1.44202E+01 1.75453E-04 2.18966E+00 1.76691E-01 8.04446E+00 2.65403E+02 1.25308E+02 2.84686E-01 6.97527E+00 4.69701E+00 1.10373E-02 
1.47560E+01 1.72006E-04 2.09361E+00 1.73316E-01 7.84985E+00 2.53973E+02 1.24099E+02 2.81697E-01 6.77789E+00 4.55767E+00 1.07093E-02 
1.50998E+01 1.68746E-04 2.00286E+00 1.70128E-01 7.66387E+00 2.43172E+02 1.22977E+02 2.78901E-01 6.59163E+00 4.42528E+00 1.03977E-02 
1.54515E+01 1.65661E-04 1.91712E+00 1.67117E-01 7.48627E+00 2.32965E+02 1.21938E+02 2.76291E-01 6.41447E+00 4.29942E+00 1.01014E-02 
1.58114E+01 1.62741E-04 1.83618E+00 1.64271E-01 7.31704E+00 2.23326E+02 1.20979E+02 2.73860E-01 6.24614E+00 4.17974E+00 9.81965E-03 
1.61797E+01 1.59975E-04 1.75986E+00 1.61581E-01 7.15627E+00 2.14235E+02 1.20098E+02 2.71607E-01 6.08563E+00 4.06595E+00 9.55180E-03 
1.65566E+01 1.57357E-04 1.68800E+00 1.59037E-01 7.00408E+00 2.05671E+02 1.19295E+02 2.69531E-01 5.93305E+00 3.95779E+00 9.29722E-03 
1.69422E+01 1.54877E-04 1.62045E+00 1.56634E-01 6.86056E+00 1.97616E+02 1.18568E+02 2.67631E-01 5.78890E+00 3.85503E+00 9.05536E-03 
1.73368E+01 1.52530E-04 1.55703E+00 1.54362E-01 6.72574E+00 1.90048E+02 1.17916E+02 2.65908E-01 5.65202E+00 3.75745E+00 8.82572E-03 
1.77407E+01 1.50309E-04 1.49755E+00 1.52217E-01 6.59961E+00 1.82946E+02 1.17341E+02 2.64363E-01 5.52223E+00 3.66485E+00 8.60781E-03 
1.81539E+01 1.48209E-04 1.44185E+00 1.50192E-01 6.48219E+00 1.76289E+02 1.16840E+02 2.62997E-01 5.39925E+00 3.57703E+00 8.40121E-03 
1.85768E+01 1.46224E-04 1.38980E+00 1.48282E-01 6.37360E+00 1.70063E+02 1.16416E+02 2.61816E-01 5.28284E+00 3.49387E+00 8.20559E-03 
1.90095E+01 1.44351E-04 1.34127E+00 1.46483E-01 6.27402E+00 1.64252E+02 1.16070E+02 2.60825E-01 5.17281E+00 3.41525E+00 8.02068E-03 
1.94523E+01 1.42586E-04 1.29611E+00 1.44791E-01 6.18345E+00 1.58841E+02 1.15804E+02 2.60028E-01 5.06896E+00 3.34103E+00 7.84614E-03 
1.99054E+01 1.40924E-04 1.25411E+00 1.43202E-01 6.10164E+00 1.53804E+02 1.15617E+02 2.59427E-01 4.97103E+00 3.27104E+00 7.68156E-03 
2.03690E+01 1.39362E-04 1.21507E+00 1.41711E-01 6.02828E+00 1.49117E+02 1.15508E+02 2.59021E-01 4.87875E+00 3.20509E+00 7.52649E-03 
2.08435E+01 1.37896E-04 1.17876E+00 1.40315E-01 5.96295E+00 1.44755E+02 1.15477E+02 2.58807E-01 4.79185E+00 3.14298E+00 7.38047E-03 
2.13290E+01 1.36521E-04 1.14498E+00 1.39010E-01 5.90529E+00 1.40694E+02 1.15523E+02 2.58784E-01 4.71008E+00 3.08452E+00 7.24305E-03 
2.18258E+01 1.35235E-04 1.11357E+00 1.37792E-01 5.85503E+00 1.36914E+02 1.15645E+02 2.58952E-01 4.63320E+00 3.02956E+00 7.11385E-03 
2.23342E+01 1.34035E-04 1.08438E+00 1.36658E-01 5.81194E+00 1.33399E+02 1.15844E+02 2.59311E-01 4.56102E+00 2.97793E+00 6.99252E-03 
2.28544E+01 1.32917E-04 1.05725E+00 1.35607E-01 5.77578E+00 1.30131E+02 1.16118E+02 2.59860E-01 4.49333E+00 2.92950E+00 6.87871E-03 
2.33868E+01 1.31878E-04 1.03204E+00 1.34633E-01 5.74627E+00 1.27092E+02 1.16468E+02 2.60599E-01 4.42992E+00 2.88420E+00 6.77205E-03 
2.39315E+01 1.30917E-04 1.00863E+00 1.33735E-01 5.72315E+00 1.24267E+02 1.16892E+02 2.61527E-01 4.37060E+00 2.84162E+00 6.67221E-03 
2.44889E+01 1.30030E-04 9.86859E-01 1.32911E-01 5.70613E+00 1.21641E+02 1.17390E+02 2.62640E-01 4.31516E+00 2.80188E+00 6.57882E-03 
2.50594E+01 1.29213E-04 9.66622E-01 1.32156E-01 5.69431E+00 1.19198E+02 1.17961E+02 2.63924E-01 4.26340E+00 2.76474E+00 6.49155E-03 
2.56431E+01 1.28466E-04 9.47806E-01 1.31470E-01 5.68053E+00 1.16926E+02 1.18603E+02 2.65157E-01 4.21517E+00 2.73006E+00 6.41010E-03 
2.62404E+01 1.27785E-04 9.30318E-01 1.30849E-01 5.66414E+00 1.14813E+02 1.19317E+02 2.66106E-01 4.17029E+00 2.69775E+00 6.33420E-03 
2.68516E+01 1.27168E-04 9.14073E-01 1.30292E-01 5.65199E+00 1.12851E+02 1.20102E+02 2.67138E-01 4.12862E+00 2.66769E+00 6.26355E-03 
2.74770E+01 1.26614E-04 8.99001E-01 1.29797E-01 5.64455E+00 1.11029E+02 1.20958E+02 2.68325E-01 4.09005E+00 2.63979E+00 6.19807E-03 
2.81171E+01 1.26121E-04 8.85039E-01 1.29362E-01 5.64169E+00 1.09342E+02 1.21886E+02 2.69662E-01 4.05445E+00 2.61397E+00 6.13743E-03 
2.87720E+01 1.25686E-04 8.72127E-01 1.28985E-01 5.64331E+00 1.07781E+02 1.22885E+02 2.71148E-01 4.02171E+00 2.59015E+00 6.08149E-03 
2.94422E+01 1.25310E-04 8.60206E-01 1.28665E-01 5.64928E+00 1.06341E+02 1.23957E+02 2.72784E-01 3.99172E+00 2.56825E+00 6.03006E-03 
3.01280E+01 1.24989E-04 8.49219E-01 1.28400E-01 5.65946E+00 1.05013E+02 1.25100E+02 2.74566E-01 3.96438E+00 2.54818E+00 5.98295E-03 
3.08298E+01 1.24722E-04 8.39109E-01 1.28188E-01 5.67370E+00 1.03791E+02 1.26314E+02 2.76494E-01 3.93955E+00 2.52987E+00 5.93995E-03 
3.15479E+01 1.24508E-04 8.29820E-01 1.28028E-01 5.69184E+00 1.02669E+02 1.27599E+02 2.78564E-01 3.91714E+00 2.51322E+00 5.90088E-03 
3.22827E+01 1.24344E-04 8.21302E-01 1.27919E-01 5.71375E+00 1.01640E+02 1.28954E+02 2.80773E-01 3.89705E+00 2.49818E+00 5.86555E-03 
3.30347E+01 1.24229E-04 8.13505E-01 1.27858E-01 5.73926E+00 1.00699E+02 1.30380E+02 2.83120E-01 3.87915E+00 2.48464E+00 5.83379E-03 
3.38041E+01 1.24162E-04 8.06385E-01 1.27845E-01 5.76825E+00 9.98405E+01 1.31875E+02 2.85602E-01 3.86337E+00 2.47256E+00 5.80544E-03 
3.45915E+01 1.24142E-04 7.99902E-01 1.27877E-01 5.80059E+00 9.90591E+01 1.33440E+02 2.88216E-01 3.84960E+00 2.46187E+00 5.78033E-03 
3.53973E+01 1.24166E-04 7.94020E-01 1.27954E-01 5.83618E+00 9.83509E+01 1.35073E+02 2.90961E-01 3.83778E+00 2.45249E+00 5.75833E-03 
3.62218E+01 1.24233E-04 7.88706E-01 1.28074E-01 5.87492E+00 9.77118E+01 1.36776E+02 2.93835E-01 3.82781E+00 2.44439E+00 5.73932E-03 
3.70655E+01 1.24343E-04 7.83931E-01 1.28237E-01 5.91675E+00 9.71385E+01 1.38547E+02 2.96836E-01 3.81965E+00 2.43751E+00 5.72318E-03 
3.79289E+01 1.24495E-04 7.79670E-01 1.28441E-01 5.96159E+00 9.66278E+01 1.40388E+02 2.99963E-01 3.81322E+00 2.43180E+00 5.70980E-03 
3.88124E+01 1.24687E-04 7.75898E-01 1.28686E-01 6.00938E+00 9.61769E+01 1.42299E+02 3.03216E-01 3.80846E+00 2.42724E+00 5.69909E-03 
3.97164E+01 1.24919E-04 7.72596E-01 1.28969E-01 6.06009E+00 9.57833E+01 1.44279E+02 3.06594E-01 3.80533E+00 2.42377E+00 5.69095E-03 
4.06415E+01 1.25189E-04 7.69745E-01 1.29292E-01 6.11368E+00 9.54447E+01 1.46329E+02 3.10096E-01 3.80377E+00 2.42136E+00 5.68532E-03 
4.15882E+01 1.25498E-04 7.67326E-01 1.29653E-01 6.17011E+00 9.51589E+01 1.48449E+02 3.13722E-01 3.80374E+00 2.41999E+00 5.68211E-03 
4.25569E+01 1.25843E-04 7.65322E-01 1.30051E-01 6.22934E+00 9.49240E+01 1.50640E+02 3.17471E-01 3.80519E+00 2.41961E+00 5.68125E-03 
4.35482E+01 1.26225E-04 7.63720E-01 1.30485E-01 6.29135E+00 9.47380E+01 1.52902E+02 3.21342E-01 3.80809E+00 2.42021E+00 5.68266E-03 
4.45625E+01 1.26643E-04 7.62503E-01 1.30955E-01 6.35611E+00 9.45992E+01 1.55235E+02 3.25335E-01 3.81238E+00 2.42175E+00 5.68629E-03 
4.56005E+01 1.27096E-04 7.61657E-01 1.31460E-01 6.42357E+00 9.45058E+01 1.57640E+02 3.29449E-01 3.81804E+00 2.42420E+00 5.69206E-03 
4.66627E+01 1.27583E-04 7.61167E-01 1.31999E-01 6.49369E+00 9.44559E+01 1.60117E+02 3.33683E-01 3.82501E+00 2.42753E+00 5.69990E-03 
4.77496E+01 1.28104E-04 7.61015E-01 1.32572E-01 6.56642E+00 9.44475E+01 1.62665E+02 3.38035E-01 3.83326E+00 2.43172E+00 5.70975E-03 
4.88619E+01 1.28657E-04 7.61187E-01 1.33178E-01 6.64168E+00 9.44787E+01 1.65285E+02 3.42504E-01 3.84273E+00 2.43672E+00 5.72152E-03 
5.00000E+01 1.29242E-04 7.61667E-01 1.33816E-01 6.71941E+00 9.45476E+01 1.67976E+02 3.47088E-01 3.85340E+00 2.44252E+00 5.73514E-03 
5.11646E+01 1.29858E-04 7.62439E-01 1.34486E-01 6.79954E+00 9.46524E+01 1.70739E+02 3.51784E-01 3.86521E+00 2.44908E+00 5.75056E-03 
5.23564E+01 1.30505E-04 7.63489E-01 1.35186E-01 6.88201E+00 9.47914E+01 1.73572E+02 3.56592E-01 3.87813E+00 2.45637E+00 5.76769E-03 
5.35760E+01 1.31182E-04 7.64806E-01 1.35917E-01 6.96676E+00 9.49631E+01 1.76476E+02 3.61509E-01 3.89213E+00 2.46438E+00 5.78650E-03 
5.48239E+01 1.31887E-04 7.66379E-01 1.36677E-01 7.05374E+00 9.51662E+01 1.79451E+02 3.66534E-01 3.90717E+00 2.47307E+00 5.80691E-03 
5.61009E+01 1.32622E-04 7.68196E-01 1.37467E-01 7.14291E+00 9.53994E+01 1.82497E+02 3.71666E-01 3.92323E+00 2.48243E+00 5.82890E-03 
5.74077E+01 1.33385E-04 7.70249E-01 1.38285E-01 7.23421E+00 9.56617E+01 1.85613E+02 3.76903E-01 3.94028E+00 2.49244E+00 5.85241E-03 
5.87449E+01 1.34176E-04 7.72529E-01 1.39132E-01 7.32763E+00 9.59520E+01 1.88801E+02 3.82245E-01 3.95830E+00 2.50308E+00 5.87740E-03 
6.01132E+01 1.34995E-04 7.75030E-01 1.40006E-01 7.42312E+00 9.62695E+01 1.92060E+02 3.87692E-01 3.97726E+00 2.51434E+00 5.90385E-03 
6.15134E+01 1.35841E-04 7.77745E-01 1.40909E-01 7.52067E+00 9.66133E+01 1.95391E+02 3.93241E-01 3.99716E+00 2.52620E+00 5.93172E-03 
6.29463E+01 1.36713E-04 7.80668E-01 1.41839E-01 7.62025E+00 9.69829E+01 1.98793E+02 3.98893E-01 4.01797E+00 2.53866E+00 5.96098E-03 
6.44125E+01 1.37613E-04 7.83796E-01 1.42796E-01 7.72185E+00 9.73777E+01 2.02268E+02 4.04647E-01 4.03968E+00 2.55171E+00 5.99162E-03 
6.59128E+01 1.38539E-04 7.87123E-01 1.43780E-01 7.82546E+00 9.77971E+01 2.05815E+02 4.10504E-01 4.06228E+00 2.56533E+00 6.02360E-03 
6.74481E+01 1.39491E-04 7.90646E-01 1.44790E-01 7.93108E+00 9.82407E+01 2.09435E+02 4.16462E-01 4.08576E+00 2.57952E+00 6.05693E-03 
6.90192E+01 1.40469E-04 7.94362E-01 1.45828E-01 8.03868E+00 9.87082E+01 2.13128E+02 4.22523E-01 4.11011E+00 2.59427E+00 6.09157E-03 
7.06269E+01 1.41473E-04 7.98268E-01 1.46892E-01 8.14828E+00 9.91990E+01 2.16895E+02 4.28685E-01 4.13531E+00 2.60957E+00 6.12751E-03 
7.22720E+01 1.42503E-04 8.02360E-01 1.47982E-01 8.25986E+00 9.97130E+01 2.20736E+02 4.34949E-01 4.16136E+00 2.62543E+00 6.16474E-03 
7.39554E+01 1.43558E-04 8.06637E-01 1.49099E-01 8.37342E+00 1.00250E+02 2.24652E+02 4.41314E-01 4.18826E+00 2.64182E+00 6.20325E-03 
7.56781E+01 1.44639E-04 8.11095E-01 1.50242E-01 8.48896E+00 1.00809E+02 2.28644E+02 4.47781E-01 4.21599E+00 2.65876E+00 6.24302E-03 
7.74408E+01 1.45746E-04 8.15732E-01 1.51410E-01 8.60646E+00 1.01390E+02 2.32710E+02 4.54349E-01 4.24454E+00 2.67623E+00 6.28404E-03 
7.92447E+01 1.46878E-04 8.20546E-01 1.52605E-01 8.72594E+00 1.01993E+02 2.36852E+02 4.61019E-01 4.27392E+00 2.69422E+00 6.32630E-03 
8.10905E+01 1.48035E-04 8.25534E-01 1.53826E-01 8.84738E+00 1.02618E+02 2.41071E+02 4.67790E-01 4.30411E+00 2.71274E+00 6.36979E-03 
8.29793E+01 1.49217E-04 8.30696E-01 1.55072E-01 8.97078E+00 1.03264E+02 2.45366E+02 4.74663E-01 4.33511E+00 2.73178E+00 6.41451E-03 
8.49122E+01 1.50424E-04 8.36029E-01 1.56344E-01 9.09614E+00 1.03932E+02 2.49738E+02 4.81637E-01 4.36692E+00 2.75134E+00 6.46043E-03 
8.68900E+01 1.51657E-04 8.41532E-01 1.57642E-01 9.22346E+00 1.04620E+02 2.54187E+02 4.88713E-01 4.39952E+00 2.77141E+00 6.50757E-03 
8.89140E+01 1.52914E-04 8.47202E-01 1.58966E-01 9.35274E+00 1.05329E+02 2.58714E+02 4.95890E-01 4.43292E+00 2.79200E+00 6.55590E-03 
9.09850E+01 1.54197E-04 8.53039E-01 1.60315E-01 9.48398E+00 1.06059E+02 2.63319E+02 5.03169E-01 4.46712E+00 2.81309E+00 6.60542E-03 
9.31044E+01 1.55504E-04 8.59042E-01 1.61690E-01 9.61717E+00 1.06810E+02 2.68003E+02 5.10549E-01 4.50210E+00 2.83468E+00 6.65613E-03 
9.52730E+01 1.56837E-04 8.65209E-01 1.63091E-01 9.75233E+00 1.07580E+02 2.72765E+02 5.18031E-01 4.53787E+00 2.85678E+00 6.70803E-03 
9.74922E+01 1.58194E-04 8.71538E-01 1.64517E-01 9.88944E+00 1.08371E+02 2.77606E+02 5.25615E-01 4.57442E+00 2.87938E+00 6.76110E-03 
9.97631E+01 1.59577E-04 8.78030E-01 1.65969E-01 1.00285E+01 1.09182E+02 2.82527E+02 5.33302E-01 4.61175E+00 2.90248E+00 6.81534E-03 
1.02087E+02 1.60984E-04 8.84684E-01 1.67447E-01 1.01696E+01 1.10013E+02 2.87528E+02 5.41090E-01 4.64986E+00 2.92608E+00 6.87075E-03 
1.04465E+02 1.62416E-04 8.91497E-01 1.68950E-01 1.03126E+01 1.10864E+02 2.92609E+02 5.48981E-01 4.68876E+00 2.95017E+00 6.92733E-03 
1.06898E+02 1.63874E-04 8.98471E-01 1.70480E-01 1.04575E+01 1.11735E+02 2.97770E+02 5.56975E-01 4.72843E+00 2.97477E+00 6.98508E-03 
1.09388E+02 1.65356E-04 9.05603E-01 1.72035E-01 1.06045E+01 1.12625E+02 3.03012E+02 5.65071E-01 4.76887E+00 2.99985E+00 7.04399E-03 
1.11936E+02 1.66864E-04 9.12894E-01 1.73616E-01 1.07534E+01 1.13535E+02 3.08335E+02 5.73271E-01 4.81009E+00 3.02544E+00 7.10406E-03 
1.14543E+02 1.68397E-04 9.20344E-01 1.75223E-01 1.09043E+01 1.14465E+02 3.13740E+02 5.81574E-01 4.85209E+00 3.05151E+00 7.16529E-03 
1.17211E+02 1.69956E-04 9.27951E-01 1.76856E-01 1.10572E+01 1.15414E+02 3.19226E+02 5.89980E-01 4.89486E+00 3.07808E+00 7.22768E-03 
1.19942E+02 1.71539E-04 9.35715E-01 1.78516E-01 1.12120E+01 1.16382E+02 3.24794E+02 5.98491E-01 4.93841E+00 3.10515E+00 7.29124E-03 
1.22735E+02 1.73148E-04 9.43636E-01 1.80202E-01 1.13689E+01 1.17371E+02 3.30445E+02 6.07106E-01 4.98273E+00 3.13271E+00 7.35595E-03 
1.25594E+02 1.74783E-04 9.51714E-01 1.81914E-01 1.15278E+01 1.18378E+02 3.36179E+02 6.15826E-01 5.02783E+00 3.16076E+00 7.42183E-03 
1.28520E+02 1.76444E-04 9.59949E-01 1.83652E-01 1.16887E+01 1.19405E+02 3.41996E+02 6.24651E-01 5.07372E+00 3.18931E+00 7.48887E-03 
1.31513E+02 1.78130E-04 9.68341E-01 1.85417E-01 1.18515E+01 1.20452E+02 3.47896E+02 6.33582E-01 5.12038E+00 3.21836E+00 7.55707E-03 
1.34577E+02 1.79842E-04 9.76889E-01 1.87209E-01 1.20164E+01 1.21518E+02 3.53879E+02 6.42618E-01 5.16782E+00 3.24790E+00 7.62645E-03 
1.37711E+02 1.81580E-04 9.85595E-01 1.89028E-01 1.21834E+01 1.22603E+02 3.59947E+02 6.51762E-01 5.21605E+00 3.27795E+00 7.69699E-03 
1.40919E+02 1.83344E-04 9.94456E-01 1.90874E-01 1.23524E+01 1.23708E+02 3.66099E+02 6.61012E-01 5.26506E+00 3.30849E+00 7.76870E-03 
1.44202E+02 1.85134E-04 1.00348E+00 1.92747E-01 1.25234E+01 1.24832E+02 3.72336E+02 6.70370E-01 5.31487E+00 3.33953E+00 7.84159E-03 
1.47560E+02 1.86951E-04 1.01265E+00 1.94647E-01 1.26965E+01 1.25976E+02 3.78658E+02 6.79836E-01 5.36546E+00 3.37107E+00 7.91566E-03 
1.50998E+02 1.88795E-04 1.02199E+00 1.96575E-01 1.28716E+01 1.27139E+02 3.85065E+02 6.89410E-01 5.41685E+00 3.40312E+00 7.99091E-03 
1.54515E+02 1.90665E-04 1.03148E+00 1.98531E-01 1.30488E+01 1.28322E+02 3.91558E+02 6.99094E-01 5.46904E+00 3.43567E+00 8.06735E-03 
1.58114E+02 1.92562E-04 1.04113E+00 2.00514E-01 1.32281E+01 1.29525E+02 3.98137E+02 7.08888E-01 5.52202E+00 3.46874E+00 8.14499E-03 
1.61797E+02 1.94486E-04 1.05093E+00 2.02525E-01 1.34095E+01 1.30747E+02 4.04802E+02 7.18792E-01 5.57582E+00 3.50231E+00 8.22381E-03 
1.65566E+02 1.96437E-04 1.06090E+00 2.04565E-01 1.35931E+01 1.31989E+02 4.11554E+02 7.28808E-01 5.63042E+00 3.53639E+00 8.30385E-03 
1.69422E+02 1.98416E-04 1.07103E+00 2.06633E-01 1.37787E+01 1.33251E+02 4.18393E+02 7.38936E-01 5.68583E+00 3.57099E+00 8.38508E-03 
1.73368E+02 2.00423E-04 1.08131E+00 2.08729E-01 1.39665E+01 1.34533E+02 4.25320E+02 7.49176E-01 5.74206E+00 3.60610E+00 8.46754E-03 
1.77407E+02 2.02457E-04 1.09176E+00 2.10855E-01 1.41564E+01 1.35834E+02 4.32334E+02 7.59530E-01 5.79911E+00 3.64173E+00 8.55121E-03 
1.81539E+02 2.04519E-04 1.10237E+00 2.13009E-01 1.43485E+01 1.37156E+02 4.39437E+02 7.69998E-01 5.85699E+00 3.67789E+00 8.63611E-03 
1.85768E+02 2.06610E-04 1.11314E+00 2.15193E-01 1.45427E+01 1.38498E+02 4.46629E+02 7.80582E-01 5.91569E+00 3.71457E+00 8.72224E-03 
1.90095E+02 2.08728E-04 1.12407E+00 2.17406E-01 1.47392E+01 1.39860E+02 4.53909E+02 7.91281E-01 5.97524E+00 3.75178E+00 8.80961E-03 
1.94523E+02 2.10876E-04 1.13516E+00 2.19649E-01 1.49378E+01 1.41242E+02 4.61279E+02 8.02098E-01 6.03562E+00 3.78952E+00 8.89823E-03 
1.99054E+02 2.13052E-04 1.14642E+00 2.21922E-01 1.51387E+01 1.42644E+02 4.68739E+02 8.13032E-01 6.09685E+00 3.82779E+00 8.98810E-03 
2.03690E+02 2.15258E-04 1.15785E+00 2.24225E-01 1.53418E+01 1.44067E+02 4.76290E+02 8.24085E-01 6.15893E+00 3.86661E+00 9.07924E-03 
2.08435E+02 2.17493E-04 1.16944E+00 2.26559E-01 1.55472E+01 1.45511E+02 4.83931E+02 8.35258E-01 6.22187E+00 3.90596E+00 9.17165E-03 
2.13290E+02 2.19758E-04 1.18119E+00 2.28923E-01 1.57548E+01 1.46975E+02 4.91664E+02 8.46551E-01 6.28568E+00 3.94586E+00 9.26534E-03 
2.18258E+02 2.22052E-04 1.19312E+00 2.31319E-01 1.59648E+01 1.48460E+02 4.99488E+02 8.57967E-01 6.35036E+00 3.98631E+00 9.36032E-03 
2.23342E+02 2.24377E-04 1.20521E+00 2.33746E-01 1.61770E+01 1.49967E+02 5.07405E+02 8.69505E-01 6.41591E+00 4.02731E+00 9.45660E-03 
2.28544E+02 2.26731E-04 1.21748E+00 2.36204E-01 1.63916E+01 1.51494E+02 5.15415E+02 8.81167E-01 6.48235E+00 4.06887E+00 9.55419E-03 
2.33868E+02 2.29117E-04 1.22991E+00 2.38694E-01 1.66085E+01 1.53043E+02 5.23518E+02 8.92955E-01 6.54968E+00 4.11099E+00 9.65310E-03 
2.39315E+02 2.31534E-04 1.24252E+00 2.41216E-01 1.68278E+01 1.54612E+02 5.31716E+02 9.04869E-01 6.61791E+00 4.15368E+00 9.75334E-03 
2.44889E+02 2.33981E-04 1.25530E+00 2.43771E-01 1.70495E+01 1.56204E+02 5.40008E+02 9.16911E-01 6.68704E+00 4.19694E+00 9.85493E-03 
2.50594E+02 2.36461E-04 1.26825E+00 2.46359E-01 1.72736E+01 1.57817E+02 5.48395E+02 9.29081E-01 6.75709E+00 4.24078E+00 9.95786E-03 
2.56431E+02 2.38972E-04 1.28138E+00 2.48979E-01 1.75001E+01 1.59452E+02 5.56877E+02 9.41382E-01 6.82806E+00 4.28519E+00 1.00622E-02 
2.62404E+02 2.41515E-04 1.29469E+00 2.51633E-01 1.77291E+01 1.61110E+02 5.65456E+02 9.53814E-01 6.89996E+00 4.33019E+00 1.01678E-02 
2.68516E+02 2.44091E-04 1.30818E+00 2.54321E-01 1.79606E+01 1.62789E+02 5.74133E+02 9.66379E-01 6.97280E+00 4.37578E+00 1.02749E-02 
2.74770E+02 2.46699E-04 1.32184E+00 2.57043E-01 1.81946E+01 1.64491E+02 5.82907E+02 9.79078E-01 7.04658E+00 4.42197E+00 1.03833E-02 
2.81171E+02 2.49341E-04 1.33569E+00 2.59799E-01 1.84311E+01 1.66215E+02 5.91779E+02 9.91912E-01 7.12132E+00 4.46876E+00 1.04932E-02 
2.87720E+02 2.52016E-04 1.34972E+00 2.62590E-01 1.86702E+01 1.67962E+02 6.00750E+02 1.00488E+00 7.19703E+00 4.51615E+00 1.06045E-02 
2.94422E+02 2.54725E-04 1.36394E+00 2.65416E-01 1.89119E+01 1.69733E+02 6.09822E+02 1.01799E+00 7.27370E+00 4.56416E+00 1.07172E-02 
3.01280E+02 2.57467E-04 1.37834E+00 2.68278E-01 1.91562E+01 1.71526E+02 6.18994E+02 1.03124E+00 7.35136E+00 4.61278E+00 1.08314E-02 
3.08298E+02 2.60245E-04 1.39293E+00 2.71175E-01 1.94031E+01 1.73343E+02 6.28267E+02 1.04463E+00 7.43001E+00 4.66203E+00 1.09470E-02 
3.15479E+02 2.63057E-04 1.40772E+00 2.74109E-01 1.96527E+01 1.75183E+02 6.37642E+02 1.05817E+00 7.50966E+00 4.71190E+00 1.10642E-02 
3.22827E+02 2.65904E-04 1.42269E+00 2.77079E-01 1.99050E+01 1.77047E+02 6.47121E+02 1.07185E+00 7.59032E+00 4.76242E+00 1.11828E-02 
3.30347E+02 2.68786E-04 1.43785E+00 2.80086E-01 2.01600E+01 1.78935E+02 6.56703E+02 1.08567E+00 7.67200E+00 4.81357E+00 1.13029E-02 
3.38041E+02 2.71705E-04 1.45321E+00 2.83130E-01 2.04178E+01 1.80848E+02 6.66390E+02 1.09965E+00 7.75471E+00 4.86537E+00 1.14245E-02 
3.45915E+02 2.74659E-04 1.46877E+00 2.86212E-01 2.06784E+01 1.82785E+02 6.76182E+02 1.11377E+00 7.83846E+00 4.91782E+00 1.15477E-02 
3.53973E+02 2.77650E-04 1.48453E+00 2.89332E-01 2.09418E+01 1.84746E+02 6.86081E+02 1.12804E+00 7.92326E+00 4.97094E+00 1.16724E-02 
3.62218E+02 2.80679E-04 1.50048E+00 2.92491E-01 2.12080E+01 1.86733E+02 6.96086E+02 1.14247E+00 8.00912E+00 5.02472E+00 1.17987E-02 
3.70655E+02 2.83744E-04 1.51664E+00 2.95688E-01 2.14771E+01 1.88745E+02 7.06200E+02 1.15705E+00 8.09606E+00 5.07918E+00 1.19266E-02 
3.79289E+02 2.86848E-04 1.53300E+00 2.98925E-01 2.17491E+01 1.90782E+02 7.16424E+02 1.17178E+00 8.18408E+00 5.13431E+00 1.20560E-02 
3.88124E+02 2.89989E-04 1.54957E+00 3.02202E-01 2.20241E+01 1.92845E+02 7.26757E+02 1.18668E+00 8.27319E+00 5.19014E+00 1.21871E-02 
3.97164E+02 2.93169E-04 1.56635E+00 3.05518E-01 2.23020E+01 1.94933E+02 7.37201E+02 1.20174E+00 8.36341E+00 5.24666E+00 1.23199E-02 
4.06415E+02 2.96388E-04 1.58334E+00 3.08876E-01 2.25830E+01 1.97048E+02 7.47758E+02 1.21695E+00 8.45475E+00 5.30388E+00 1.24542E-02 
4.15882E+02 2.99647E-04 1.60054E+00 3.12274E-01 2.28670E+01 1.99190E+02 7.58427E+02 1.23233E+00 8.54721E+00 5.36180E+00 1.25902E-02 
4.25569E+02 3.02945E-04 1.61796E+00 3.15714E-01 2.31541E+01 2.01358E+02 7.69211E+02 1.24788E+00 8.64082E+00 5.42045E+00 1.27280E-02 
4.35482E+02 3.06284E-04 1.63559E+00 3.19195E-01 2.34443E+01 2.03553E+02 7.80110E+02 1.26360E+00 8.73558E+00 5.47982E+00 1.28674E-02 
4.45625E+02 3.09663E-04 1.65344E+00 3.22720E-01 2.37376E+01 2.05775E+02 7.91126E+02 1.27948E+00 8.83150E+00 5.53992E+00 1.30085E-02 
4.56005E+02 3.13083E-04 1.67151E+00 3.26287E-01 2.40342E+01 2.08025E+02 8.02259E+02 1.29553E+00 8.92860E+00 5.60076E+00 1.31514E-02 
4.66627E+02 3.16545E-04 1.68981E+00 3.29897E-01 2.43339E+01 2.10303E+02 8.13511E+02 1.31176E+00 9.02689E+00 5.66234E+00 1.32960E-02 
4.77496E+02 3.20049E-04 1.70833E+00 3.33551E-01 2.46370E+01 2.12609E+02 8.24882E+02 1.32817E+00 9.12638E+00 5.72469E+00 1.34424E-02 
4.88619E+02 3.23595E-04 1.72709E+00 3.37249E-01 2.49433E+01 2.14943E+02 8.36375E+02 1.34475E+00 9.22709E+00 5.78779E+00 1.35905E-02 
5.00000E+02 3.27185E-04 1.74607E+00 3.40992E-01 2.52530E+01 2.17306E+02 8.47989E+02 1.36151E+00 9.32902E+00 5.85166E+00 1.37405E-02 
5.11646E+02 3.30818E-04 1.76528E+00 3.44780E-01 2.55661E+01 2.19698E+02 8.59728E+02 1.37846E+00 9.43220E+00 5.91632E+00 1.38924E-02 
5.23564E+02 3.34494E-04 1.78473E+00 3.48614E-01 2.58825E+01 2.22120E+02 8.71590E+02 1.39559E+00 9.53663E+00 5.98176E+00 1.40460E-02 
5.35760E+02 3.38215E-04 1.80442E+00 3.52495E-01 2.62025E+01 2.24571E+02 8.83579E+02 1.41290E+00 9.64233E+00 6.04800E+00 1.42016E-02 
5.48239E+02 3.41981E-04 1.82435E+00 3.56422E-01 2.65259E+01 2.27052E+02 8.95696E+02 1.43040E+00 9.74931E+00 6.11504E+00 1.43590E-02 
5.61009E+02 3.45793E-04 1.84452E+00 3.60396E-01 2.68529E+01 2.29563E+02 9.07940E+02 1.44810E+00 9.85758E+00 6.18289E+00 1.45183E-02 
5.74077E+02 3.49650E-04 1.86494E+00 3.64418E-01 2.71835E+01 2.32105E+02 9.20315E+02 1.46599E+00 9.96717E+00 6.25157E+00 1.46796E-02 
5.87449E+02 3.53554E-04 1.88561E+00 3.68488E-01 2.75177E+01 2.34677E+02 9.32822E+02 1.48407E+00 1.00781E+01 6.32108E+00 1.48428E-02 
6.01132E+02 3.57504E-04 1.90653E+00 3.72608E-01 2.78556E+01 2.37281E+02 9.45460E+02 1.50235E+00 1.01903E+01 6.39143E+00 1.50080E-02 
6.15134E+02 3.61502E-04 1.92770E+00 3.76776E-01 2.81971E+01 2.39917E+02 9.58234E+02 1.52083E+00 1.03039E+01 6.46263E+00 1.51752E-02 
6.29463E+02 3.65548E-04 1.94913E+00 3.80995E-01 2.85425E+01 2.42584E+02 9.71142E+02 1.53951E+00 1.04189E+01 6.53468E+00 1.53444E-02 
6.44125E+02 3.69642E-04 1.97082E+00 3.85264E-01 2.88916E+01 2.45284E+02 9.84188E+02 1.55840E+00 1.05353E+01 6.60761E+00 1.55157E-02 
6.59128E+02 3.73785E-04 1.99277E+00 3.89584E-01 2.92446E+01 2.48016E+02 9.97373E+02 1.57750E+00 1.06530E+01 6.68141E+00 1.56890E-02 
6.74481E+02 3.77978E-04 2.01498E+00 3.93956E-01 2.96015E+01 2.50782E+02 1.01070E+03 1.59680E+00 1.07722E+01 6.75610E+00 1.58643E-02 
6.90192E+02 3.82221E-04 2.03747E+00 3.98380E-01 2.99624E+01 2.53581E+02 1.02416E+03 1.61632E+00 1.08928E+01 6.83169E+00 1.60418E-02 
7.06269E+02 3.86515E-04 2.06022E+00 4.02857E-01 3.03272E+01 2.56413E+02 1.03777E+03 1.63605E+00 1.10148E+01 6.90819E+00 1.62215E-02 
7.22720E+02 3.90860E-04 2.08325E+00 4.07387E-01 3.06960E+01 2.59280E+02 1.05153E+03 1.65600E+00 1.11383E+01 6.98560E+00 1.64032E-02 
7.39554E+02 3.95257E-04 2.10656E+00 4.11971E-01 3.10690E+01 2.62181E+02 1.06543E+03 1.67617E+00 1.12633E+01 7.06394E+00 1.65872E-02 
7.56781E+02 3.99706E-04 2.13014E+00 4.16610E-01 3.14460E+01 2.65116E+02 1.07948E+03 1.69657E+00 1.13898E+01 7.14321E+00 1.67734E-02 
7.74408E+02 4.04208E-04 2.15401E+00 4.21304E-01 3.18273E+01 2.68087E+02 1.09368E+03 1.71718E+00 1.15178E+01 7.22344E+00 1.69618E-02 
7.92447E+02 4.08764E-04 2.17816E+00 4.26054E-01 3.22128E+01 2.71094E+02 1.10802E+03 1.73803E+00 1.16473E+01 7.30462E+00 1.71524E-02 
8.10905E+02 4.13374E-04 2.20261E+00 4.30860E-01 3.26025E+01 2.74137E+02 1.12253E+03 1.75911E+00 1.17784E+01 7.38678E+00 1.73453E-02 
8.29793E+02 4.18038E-04 2.22735E+00 4.35724E-01 3.29966E+01 2.77216E+02 1.13719E+03 1.78042E+00 1.19110E+01 7.46991E+00 1.75405E-02 
8.49122E+02 4.22758E-04 2.25238E+00 4.40645E-01 3.33951E+01 2.80332E+02 1.15200E+03 1.80197E+00 1.20452E+01 7.55404E+00 1.77381E-02 
8.68900E+02 4.27535E-04 2.27771E+00 4.45625E-01 3.37980E+01 2.83485E+02 1.16697E+03 1.82376E+00 1.21810E+01 7.63916E+00 1.79380E-02 
8.89140E+02 4.32367E-04 2.30334E+00 4.50663E-01 3.42054E+01 2.86676E+02 1.18211E+03 1.84578E+00 1.23185E+01 7.72530E+00 1.81402E-02 
9.09850E+02 4.37258E-04 2.32928E+00 4.55762E-01 3.46174E+01 2.89905E+02 1.19740E+03 1.86806E+00 1.24575E+01 7.81247E+00 1.83449E-02 
9.31044E+02 4.42206E-04 2.35553E+00 4.60920E-01 3.50339E+01 2.93172E+02 1.21286E+03 1.89058E+00 1.25982E+01 7.90067E+00 1.85520E-02 
9.52730E+02 4.47212E-04 2.38209E+00 4.66140E-01 3.54551E+01 2.96478E+02 1.22849E+03 1.91335E+00 1.27406E+01 7.98992E+00 1.87616E-02 
9.74922E+02 4.52278E-04 2.40897E+00 4.71422E-01 3.58810E+01 2.99824E+02 1.24428E+03 1.93638E+00 1.28847E+01 8.08023E+00 1.89737E-02 
9.97631E+02 4.57404E-04 2.43617E+00 4.76766E-01 3.63117E+01 3.03209E+02 1.26024E+03 1.95967E+00 1.30305E+01 8.17161E+00 1.91883E-02 
1.02087E+03 4.62591E-04 2.46369E+00 4.82174E-01 3.67472E+01 3.06635E+02 1.27638E+03 1.98321E+00 1.31780E+01 8.26408E+00 1.94054E-02 
1.04465E+03 4.67839E-04 2.49154E+00 4.87645E-01 3.71876E+01 3.10101E+02 1.29268E+03 2.00702E+00 1.33272E+01 8.35764E+00 1.96251E-02 
1.06898E+03 4.73149E-04 2.51972E+00 4.93181E-01 3.76329E+01 3.13609E+02 1.30917E+03 2.03109E+00 1.34782E+01 8.45231E+00 1.98474E-02 
1.09388E+03 4.78521E-04 2.54823E+00 4.98782E-01 3.80832E+01 3.17158E+02 1.32583E+03 2.05543E+00 1.36310E+01 8.54810E+00 2.00723E-02 
1.11936E+03 4.83957E-04 2.57708E+00 5.04449E-01 3.85385E+01 3.20749E+02 1.34267E+03 2.08005E+00 1.37857E+01 8.64503E+00 2.02999E-02 
1.14543E+03 4.89457E-04 2.60627E+00 5.10183E-01 3.89990E+01 3.24383E+02 1.35969E+03 2.10494E+00 1.39421E+01 8.74310E+00 2.05302E-02 
1.17211E+03 4.95022E-04 2.63581E+00 5.15985E-01 3.94646E+01 3.28060E+02 1.37690E+03 2.13011E+00 1.41004E+01 8.84233E+00 2.07632E-02 
1.19942E+03 5.00653E-04 2.66570E+00 5.21855E-01 3.99355E+01 3.31780E+02 1.39429E+03 2.15557E+00 1.42606E+01 8.94273E+00 2.09990E-02 
1.22735E+03 5.06350E-04 2.69594E+00 5.27795E-01 4.04117E+01 3.35544E+02 1.41188E+03 2.18131E+00 1.44226E+01 9.04432E+00 2.12376E-02 
1.25594E+03 5.12114E-04 2.72654E+00 5.33804E-01 4.08932E+01 3.39353E+02 1.42965E+03 2.20733E+00 1.45866E+01 9.14711E+00 2.14789E-02 
