5.00000E+00 3.53203E-03 9.79147E+01 3.59047E+00 1.38321E+02 1.20091E+04 1.37735E+03 3.12109E+00 1.96036E+02 1.35923E+02 3.13580E-01 
5.11646E+00 2.89413E-03 7.99304E+01 2.93324E+00 1.14659E+02 9.71736E+03 1.14464E+03 2.60061E+00 1.59458E+02 1.10539E+02 2.55712E-01 
5.23564E+00 2.41295E-03 6.65946E+01 2.43923E+00 9.66975E+01 8.00208E+03 9.68174E+02 2.20474E+00 1.32018E+02 9.14982E+01 2.12165E-01 
5.35760E+00 2.04396E-03 5.56954E+01 2.06171E+00 8.27926E+01 6.69366E+03 8.32178E+02 1.89867E+00 1.11074E+02 7.69651E+01 1.78823E-01 
5.48239E+00 1.75625E-03 4.73101E+01 1.76841E+00 7.18679E+01 5.67689E+03 7.25354E+02 1.65821E+00 9.47718E+01 6.57986E+01 1.52858E-01 
5.61009E+00 1.52784E-03 4.06727E+01 1.53631E+00 6.31628E+01 4.87825E+03 6.40635E+02 1.46595E+00 8.19386E+01 5.66019E+01 1.32268E-01 
5.74077E+00 1.34328E-03 3.53277E+01 1.34923E+00 5.60677E+01 4.23489E+03 5.71828E+02 1.30956E+00 7.15992E+01 4.93399E+01 1.15655E-01 
5.87449E+00 1.19189E-03 3.09553E+01 1.19607E+00 5.01964E+01 3.70727E+03 5.14831E+02 1.18046E+00 6.31086E+01 4.36841E+01 1.02049E-01 
6.01132E+00 1.06614E-03 2.73419E+01 1.06905E+00 4.53118E+01 3.27373E+03 4.67541E+02 1.07257E+00 5.61101E+01 3.88287E+01 9.07647E-02 
6.15134E+00 9.60607E-04 2.43151E+01 9.62591E-01 4.11761E+01 2.91108E+03 4.27675E+02 9.81487E-01 5.02516E+01 3.47607E+01 8.13064E-02 
6.29463E+00 8.71217E-04 2.17593E+01 8.72537E-01 3.76475E+01 2.60353E+03 3.93593E+02 9.03908E-01 4.52809E+01 3.13154E+01 7.33041E-02 
6.44125E+00 7.94845E-04 1.95814E+01 7.95695E-01 3.46167E+01 2.34271E+03 3.64459E+02 8.37279E-01 4.10550E+01 2.83866E+01 6.64743E-02 
6.59128E+00 7.29047E-04 1.77099E+01 7.29563E-01 3.19917E+01 2.11899E+03 3.39299E+02 7.79581E-01 3.74256E+01 2.58632E+01 6.05955E-02 
6.74481E+00 6.71899E-04 1.60890E+01 6.72180E-01 2.96904E+01 1.92459E+03 3.17285E+02 7.29233E-01 3.42706E+01 2.36756E+01 5.54954E-02 
6.90192E+00 6.21897E-04 1.46752E+01 6.22018E-01 2.76654E+01 1.75536E+03 2.97977E+02 6.84983E-01 3.15181E+01 2.17666E+01 5.10385E-02 
7.06269E+00 5.77859E-04 1.34341E+01 5.77869E-01 2.58733E+01 1.60716E+03 2.80948E+02 6.45844E-01 2.91023E+01 2.00904E+01 4.71182E-02 
7.22720E+00 5.38859E-04 1.23384E+01 5.38793E-01 2.42751E+01 1.47608E+03 2.65782E+02 6.11039E-01 2.69631E+01 1.86058E+01 4.36507E-02 
7.39554E+00 5.04162E-04 1.13664E+01 5.04048E-01 2.28432E+01 1.35981E+03 2.52242E+02 5.79953E-01 2.50626E+01 1.72877E+01 4.05687E-02 
7.56781E+00 4.73172E-04 1.05004E+01 4.73029E-01 2.15570E+01 1.25642E+03 2.40134E+02 5.52084E-01 2.33693E+01 1.61119E+01 3.78179E-02 
7.74408E+00 4.45392E-04 9.72545E+00 4.45238E-01 2.03938E+01 1.16386E+03 2.29238E+02 5.27013E-01 2.18516E+01 1.50586E+01 3.53528E-02 
7.92447E+00 4.20406E-04 9.02954E+00 4.20255E-01 1.93392E+01 1.08069E+03 2.19407E+02 5.04389E-01 2.04867E+01 1.41116E+01 3.31357E-02 
8.10905E+00 3.97856E-04 8.40207E+00 3.97720E-01 1.83805E+01 1.00581E+03 2.10526E+02 4.83912E-01 1.92564E+01 1.32572E+01 3.11346E-02 
8.29793E+00 3.77441E-04 7.83436E+00 3.77327E-01 1.75074E+01 9.38096E+02 2.02469E+02 4.65323E-01 1.81425E+01 1.24845E+01 2.93220E-02 
8.49122E+00 3.58900E-04 7.31933E+00 3.58818E-01 1.67041E+01 8.76583E+02 1.95133E+02 4.48399E-01 1.71301E+01 1.17808E+01 2.76749E-02 
8.68900E+00 3.42008E-04 6.85035E+00 3.41963E-01 1.59644E+01 8.20637E+02 1.88449E+02 4.32948E-01 1.62083E+01 1.11403E+01 2.61732E-02 
8.89140E+00 3.26573E-04 6.42205E+00 3.26570E-01 1.52842E+01 7.69593E+02 1.82339E+02 4.18804E-01 1.53656E+01 1.05541E+01 2.47999E-02 
9.09850E+00 3.12430E-04 6.02986E+00 3.12473E-01 1.46551E+01 7.22776E+02 1.76727E+02 4.05825E-01 1.45932E+01 1.00173E+01 2.35404E-02 
9.31044E+00 2.99437E-04 5.66978E+00 2.99528E-01 1.40718E+01 6.79848E+02 1.71580E+02 3.93886E-01 1.38833E+01 9.52430E+00 2.23822E-02 
9.52730E+00 2.87472E-04 5.33838E+00 2.87613E-01 1.35295E+01 6.40380E+02 1.66844E+02 3.82882E-01 1.32294E+01 9.06934E+00 2.13143E-02 
9.74922E+00 2.76428E-04 5.03269E+00 2.76621E-01 1.30240E+01 6.03899E+02 1.62465E+02 3.72720E-01 1.26249E+01 8.64972E+00 2.03275E-02 
9.97631E+00 2.66215E-04 4.75013E+00 2.66462E-01 1.25519E+01 5.70241E+02 1.58427E+02 3.63320E-01 1.20657E+01 8.25974E+00 1.94135E-02 
1.02087E+01 2.56754E-04 4.48842E+00 2.57055E-01 1.21101E+01 5.39073E+02 1.54695E+02 3.54612E-01 1.15471E+01 7.89859E+00 1.85653E-02 
1.04465E+01 2.47977E-04 4.24561E+00 2.48333E-01 1.16957E+01 5.10121E+02 1.51232E+02 3.46536E-01 1.10652E+01 7.56289E+00 1.77767E-02 
1.06898E+01 2.39823E-04 4.01994E+00 2.40236E-01 1.13063E+01 4.83243E+02 1.48028E+02 3.39039E-01 1.06167E+01 7.25024E+00 1.70423E-02 
1.09388E+01 2.32238E-04 3.80986E+00 2.32708E-01 1.09406E+01 4.58233E+02 1.45058E+02 3.32073E-01 1.01988E+01 6.95872E+00 1.63571E-02 
1.11936E+01 2.25171E-04 3.61400E+00 2.25700E-01 1.05949E+01 4.34891E+02 1.42298E+02 3.25593E-01 9.80886E+00 6.68628E+00 1.57167E-02 
1.14543E+01 2.18579E-04 3.43111E+00 2.19168E-01 1.02688E+01 4.13119E+02 1.39737E+02 3.19557E-01 9.44406E+00 6.43125E+00 1.51174E-02 
1.17211E+01 2.12421E-04 3.26011E+00 2.13071E-01 9.96088E+00 3.92757E+02 1.37357E+02 3.13936E-01 9.10208E+00 6.19230E+00 1.45554E-02 
1.19942E+01 2.06661E-04 3.10000E+00 2.07372E-01 9.66913E+00 3.73695E+02 1.35144E+02 3.08692E-01 8.78097E+00 5.96792E+00 1.40277E-02 
1.22735E+01 2.01264E-04 2.94991E+00 2.02039E-01 9.39072E+00 3.55826E+02 1.33084E+02 3.03795E-01 8.47924E+00 5.75692E+00 1.35315E-02 
1.25594E+01 1.96201E-04 2.80903E+00 1.97040E-01 9.12778E+00 3.39057E+02 1.31167E+02 2.99221E-01 8.19554E+00 5.55785E+00 1.30641E-02 
1.28520E+01 1.91445E-04 2.67667E+00 1.92349E-01 8.87925E+00 3.23302E+02 1.29382E+02 2.94944E-01 7.92865E+00 5.37065E+00 1.26233E-02 
1.31513E+01 1.86972E-04 2.55217E+00 1.87942E-01 8.64343E+00 3.08483E+02 1.27719E+02 2.90943E-01 7.67717E+00 5.19393E+00 1.22070E-02 
1.34577E+01 1.82760E-04 2.43496E+00 1.83797E-01 8.41826E+00 2.94533E+02 1.26171E+02 2.87199E-01 7.43973E+00 5.02665E+00 1.18134E-02 
1.37711E+01 1.78790E-04 2.32451E+00 1.79895E-01 8.20157E+00 2.81387E+02 1.24730E+02 2.83695E-01 7.21464E+00 4.86832E+00 1.14407E-02 
1.40919E+01 1.75044E-04 2.22034E+00 1.76217E-01 7.99461E+00 2.68989E+02 1.23388E+02 2.80414E-01 7.00115E+00 4.71830E+00 1.10876E-02 
1.44202E+01 1.71506E-04 2.12202E+00 1.72749E-01 7.79814E+00 2.57288E+02 1.22141E+02 2.77343E-01 6.79897E+00 4.57598E+00 1.07526E-02 
1.47560E+01 1.68161E-04 2.02915E+00 1.69475E-01 7.61035E+00 2.46235E+02 1.20982E+02 2.74469E-01 6.60762E+00 4.44085E+00 1.04345E-02 
1.50998E+01 1.64998E-04 1.94140E+00 1.66383E-01 7.43091E+00 2.35790E+02 1.19906E+02 2.71781E-01 6.42701E+00 4.31243E+00 1.01322E-02 
1.54515E+01 1.62004E-04 1.85852E+00 1.63461E-01 7.25969E+00 2.25922E+02 1.18911E+02 2.69274E-01 6.25523E+00 4.19034E+00 9.84480E-03 
1.58114E+01 1.59169E-04 1.78032E+00 1.60700E-01 7.09674E+00 2.16609E+02 1.17994E+02 2.66942E-01 6.09200E+00 4.07426E+00 9.57156E-03 
1.61797E+01 1.56485E-04 1.70666E+00 1.58089E-01 6.94219E+00 2.07832E+02 1.17153E+02 2.64785E-01 5.93639E+00 3.96392E+00 9.31184E-03 
1.65566E+01 1.53944E-04 1.63737E+00 1.55622E-01 6.79618E+00 1.99571E+02 1.16388E+02 2.62802E-01 5.78851E+00 3.85907E+00 9.06508E-03 
1.69422E+01 1.51538E-04 1.57228E+00 1.53289E-01 6.65877E+00 1.91807E+02 1.15699E+02 2.60994E-01 5.64883E+00 3.75950E+00 8.83074E-03 
1.73368E+01 1.49260E-04 1.51122E+00 1.51086E-01 6.52996E+00 1.84518E+02 1.15084E+02 2.59360E-01 5.51624E+00 3.66499E+00 8.60834E-03 
1.77407E+01 1.47105E-04 1.45400E+00 1.49005E-01 6.40970E+00 1.77683E+02 1.14543E+02 2.57902E-01 5.39057E+00 3.57534E+00 8.39739E-03 
1.81539E+01 1.45068E-04 1.40045E+00 1.47041E-01 6.29797E+00 1.71280E+02 1.14076E+02 2.56621E-01 5.27153E+00 3.49036E+00 8.19747E-03 
1.85768E+01 1.43143E-04 1.35043E+00 1.45189E-01 6.19487E+00 1.65294E+02 1.13685E+02 2.55521E-01 5.15888E+00 3.40991E+00 8.00824E-03 
1.90095E+01 1.41327E-04 1.30381E+00 1.43445E-01 6.10052E+00 1.59710E+02 1.13370E+02 2.54608E-01 5.05244E+00 3.33388E+00 7.82944E-03 
1.94523E+01 1.39616E-04 1.26044E+00 1.41806E-01 6.01490E+00 1.54511E+02 1.13132E+02 2.53886E-01 4.95202E+00 3.26213E+00 7.66073E-03 
1.99054E+01 1.38006E-04 1.22012E+00 1.40266E-01 5.93777E+00 1.49672E+02 1.12972E+02 2.53355E-01 4.85734E+00 3.19450E+00 7.50170E-03 
2.03690E+01 1.36493E-04 1.18263E+00 1.38822E-01 5.86879E+00 1.45171E+02 1.12889E+02 2.53014E-01 4.76815E+00 3.13079E+00 7.35191E-03 
2.08435E+01 1.35073E-04 1.14777E+00 1.37470E-01 5.80756E+00 1.40982E+02 1.12882E+02 2.52862E-01 4.68418E+00 3.07080E+00 7.21088E-03 
2.13290E+01 1.33742E-04 1.11535E+00 1.36206E-01 5.75373E+00 1.37082E+02 1.12950E+02 2.52896E-01 4.60519E+00 3.01436E+00 7.07820E-03 
2.18258E+01 1.32497E-04 1.08520E+00 1.35028E-01 5.70702E+00 1.33452E+02 1.13093E+02 2.53116E-01 4.53094E+00 2.96129E+00 6.95349E-03 
2.23342E+01 1.31336E-04 1.05717E+00 1.33932E-01 5.66721E+00 1.30076E+02 1.13309E+02 2.53523E-01 4.46124E+00 2.91147E+00 6.83639E-03 
2.28544E+01 1.30255E-04 1.03112E+00 1.32916E-01 5.63407E+00 1.26937E+02 1.13600E+02 2.54114E-01 4.39589E+00 2.86473E+00 6.72657E-03 
2.33868E+01 1.29252E-04 1.00691E+00 1.31974E-01 5.60732E+00 1.24018E+02 1.13964E+02 2.54891E-01 4.33468E+00 2.82103E+00 6.62367E-03 
2.39315E+01 1.28323E-04 9.84422E-01 1.31108E-01 5.58672E+00 1.21304E+02 1.14401E+02 2.55851E-01 4.27744E+00 2.77996E+00 6.52737E-03 
2.44889E+01 1.27466E-04 9.63514E-01 1.30312E-01 5.57200E+00 1.18780E+02 1.14909E+02 2.56992E-01 4.22395E+00 2.74163E+00 6.43730E-03 
2.50594E+01 1.26679E-04 9.44072E-01 1.29584E-01 5.56226E+00 1.16433E+02 1.15488E+02 2.58299E-01 4.17403E+00 2.70581E+00 6.35316E-03 
2.56431E+01 1.25958E-04 9.25994E-01 1.28923E-01 5.55049E+00 1.14249E+02 1.16137E+02 2.59553E-01 4.12751E+00 2.67239E+00 6.27464E-03 
2.62404E+01 1.25302E-04 9.09190E-01 1.28326E-01 5.53614E+00 1.12219E+02 1.16855E+02 2.60529E-01 4.08425E+00 2.64124E+00 6.20148E-03 
2.68516E+01 1.24709E-04 8.93579E-01 1.27790E-01 5.52587E+00 1.10333E+02 1.17643E+02 2.61587E-01 4.04410E+00 2.61228E+00 6.13341E-03 
2.74770E+01 1.24177E-04 8.79094E-01 1.27315E-01 5.52012E+00 1.08582E+02 1.18500E+02 2.62794E-01 4.00693E+00 2.58540E+00 6.07033E-03 
2.81171E+01 1.23703E-04 8.65674E-01 1.26898E-01 5.51877E+00 1.06960E+02 1.19427E+02 2.64147E-01 3.97265E+00 2.56054E+00 6.01194E-03 
2.87720E+01 1.23287E-04 8.53264E-01 1.26537E-01 5.52174E+00 1.05460E+02 1.20423E+02 2.65645E-01 3.94114E+00 2.53760E+00 5.95809E-03 
2.94422E+01 1.22927E-04 8.41806E-01 1.26233E-01 5.52889E+00 1.04075E+02 1.21490E+02 2.67288E-01 3.91229E+00 2.51653E+00 5.90860E-03 
3.01280E+01 1.22622E-04 8.31247E-01 1.25981E-01 5.54010E+00 1.02798E+02 1.22626E+02 2.69074E-01 3.88599E+00 2.49723E+00 5.86329E-03 
3.08298E+01 1.22369E-04 8.21530E-01 1.25782E-01 5.55523E+00 1.01624E+02 1.23832E+02 2.71000E-01 3.86214E+00 2.47962E+00 5.82196E-03 
3.15479E+01 1.22167E-04 8.12605E-01 1.25633E-01 5.57413E+00 1.00546E+02 1.25107E+02 2.73065E-01 3.84064E+00 2.46363E+00 5.78443E-03 
3.22827E+01 1.22014E-04 8.04421E-01 1.25533E-01 5.59666E+00 9.95577E+01 1.26450E+02 2.75266E-01 3.82136E+00 2.44919E+00 5.75053E-03 
3.30347E+01 1.21909E-04 7.96933E-01 1.25480E-01 5.62267E+00 9.86538E+01 1.27862E+02 2.77601E-01 3.80423E+00 2.43622E+00 5.72008E-03 
3.38041E+01 1.21850E-04 7.90097E-01 1.25474E-01 5.65204E+00 9.78293E+01 1.29341E+02 2.80066E-01 3.78914E+00 2.42465E+00 5.69292E-03 
3.45915E+01 1.21837E-04 7.83875E-01 1.25512E-01 5.68465E+00 9.70794E+01 1.30889E+02 2.82660E-01 3.77601E+00 2.41442E+00 5.66891E-03 
3.53973E+01 1.21867E-04 7.78233E-01 1.25593E-01 5.72041E+00 9.64002E+01 1.32503E+02 2.85381E-01 3.76476E+00 2.40547E+00 5.64792E-03 
3.62218E+01 1.21939E-04 7.73140E-01 1.25717E-01 5.75923E+00 9.57877E+01 1.34185E+02 2.88228E-01 3.75532E+00 2.39776E+00 5.62983E-03 
3.70655E+01 1.22053E-04 7.68568E-01 1.25882E-01 5.80103E+00 9.52388E+01 1.35935E+02 2.91199E-01 3.74762E+00 2.39123E+00 5.61451E-03 
3.79289E+01 1.22207E-04 7.64491E-01 1.26088E-01 5.84575E+00 9.47504E+01 1.37752E+02 2.94293E-01 3.74160E+00 2.38585E+00 5.60188E-03 
3.88124E+01 1.22401E-04 7.60889E-01 1.26332E-01 5.89334E+00 9.43199E+01 1.39637E+02 2.97509E-01 3.73722E+00 2.38156E+00 5.59183E-03 
3.97164E+01 1.22633E-04 7.57740E-01 1.26615E-01 5.94376E+00 9.39447E+01 1.41589E+02 3.00847E-01 3.73440E+00 2.37834E+00 5.58429E-03 
4.06415E+01 1.22903E-04 7.55027E-01 1.26936E-01 5.99696E+00 9.36228E+01 1.43611E+02 3.04306E-01 3.73312E+00 2.37616E+00 5.57917E-03 
4.15882E+01 1.23210E-04 7.52733E-01 1.27294E-01 6.05293E+00 9.33520E+01 1.45701E+02 3.07885E-01 3.73332E+00 2.37497E+00 5.57641E-03 
4.25569E+01 1.23553E-04 7.50841E-01 1.27688E-01 6.11162E+00 9.31304E+01 1.47860E+02 3.11584E-01 3.73497E+00 2.37476E+00 5.57592E-03 
4.35482E+01 1.23932E-04 7.49337E-01 1.28118E-01 6.17302E+00 9.29563E+01 1.50088E+02 3.15403E-01 3.73801E+00 2.37549E+00 5.57765E-03 
4.45625E+01 1.24345E-04 7.48208E-01 1.28582E-01 6.23708E+00 9.28279E+01 1.52386E+02 3.19340E-01 3.74242E+00 2.37713E+00 5.58152E-03 
4.56005E+01 1.24793E-04 7.47437E-01 1.29081E-01 6.30377E+00 9.27434E+01 1.54754E+02 3.23396E-01 3.74815E+00 2.37966E+00 5.58748E-03 
4.66627E+01 1.25274E-04 7.47011E-01 1.29613E-01 6.37305E+00 9.27012E+01 1.57193E+02 3.27568E-01 3.75515E+00 2.38305E+00 5.59546E-03 
4.77496E+01 1.25787E-04 7.46914E-01 1.30178E-01 6.44486E+00 9.26992E+01 1.59701E+02 3.31856E-01 3.76340E+00 2.38727E+00 5.60538E-03 
4.88619E+01 1.26333E-04 7.47131E-01 1.30775E-01 6.51914E+00 9.27357E+01 1.62279E+02 3.36257E-01 3.77285E+00 2.39229E+00 5.61717E-03 
5.00000E+01 1.26909E-04 7.47647E-01 1.31404E-01 6.59583E+00 9.28088E+01 1.64927E+02 3.40771E-01 3.78345E+00 2.39807E+00 5.63077E-03 
5.11646E+01 1.27517E-04 7.48446E-01 1.32063E-01 6.67485E+00 9.29167E+01 1.67645E+02 3.45395E-01 3.79517E+00 2.40460E+00 5.64611E-03 
5.23564E+01 1.28153E-04 7.49517E-01 1.32752E-01 6.75615E+00 9.30579E+01 1.70432E+02 3.50127E-01 3.80797E+00 2.41184E+00 5.66313E-03 
5.35760E+01 1.28820E-04 7.50846E-01 1.33471E-01 6.83967E+00 9.32310E+01 1.73288E+02 3.54966E-01 3.82182E+00 2.41978E+00 5.68177E-03 
5.48239E+01 1.29514E-04 7.52424E-01 1.34219E-01 6.92538E+00 9.34345E+01 1.76214E+02 3.59911E-01 3.83669E+00 2.42838E+00 5.70199E-03 
5.61009E+01 1.30237E-04 7.54240E-01 1.34995E-01 7.01321E+00 9.36674E+01 1.79209E+02 3.64960E-01 3.85255E+00 2.43764E+00 5.72373E-03 
5.74077E+01 1.30987E-04 7.56286E-01 1.35799E-01 7.10314E+00 9.39286E+01 1.82274E+02 3.70112E-01 3.86938E+00 2.44753E+00 5.74696E-03 
5.87449E+01 1.31765E-04 7.58553E-01 1.36632E-01 7.19512E+00 9.42170E+01 1.85408E+02 3.75367E-01 3.88715E+00 2.45804E+00 5.77164E-03 
6.01132E+01 1.32570E-04 7.61035E-01 1.37491E-01 7.28914E+00 9.45319E+01 1.88612E+02 3.80723E-01 3.90585E+00 2.46915E+00 5.79774E-03 
6.15134E+01 1.33401E-04 7.63726E-01 1.38378E-01 7.38516E+00 9.48726E+01 1.91886E+02 3.86180E-01 3.92546E+00 2.48085E+00 5.82522E-03 
6.29463E+01 1.34259E-04 7.66620E-01 1.39291E-01 7.48317E+00 9.52383E+01 1.95230E+02 3.91738E-01 3.94596E+00 2.49313E+00 5.85406E-03 
6.44125E+01 1.35142E-04 7.69713E-01 1.40231E-01 7.58315E+00 9.56286E+01 1.98645E+02 3.97396E-01 3.96733E+00 2.50598E+00 5.88425E-03 
6.59128E+01 1.36052E-04 7.73000E-01 1.41198E-01 7.68509E+00 9.60429E+01 2.02131E+02 4.03154E-01 3.98958E+00 2.51940E+00 5.91575E-03 
6.74481E+01 1.36987E-04 7.76479E-01 1.42190E-01 7.78900E+00 9.64809E+01 2.05689E+02 4.09011E-01 4.01268E+00 2.53336E+00 5.94856E-03 
6.90192E+01 1.37948E-04 7.80146E-01 1.43209E-01 7.89485E+00 9.69421E+01 2.09318E+02 4.14968E-01 4.03663E+00 2.54788E+00 5.98266E-03 
7.06269E+01 1.38934E-04 7.83998E-01 1.44254E-01 8.00265E+00 9.74261E+01 2.13020E+02 4.21025E-01 4.06142E+00 2.56294E+00 6.01802E-03 
7.22720E+01 1.39945E-04 7.88032E-01 1.45324E-01 8.11239E+00 9.79327E+01 2.16794E+02 4.27181E-01 4.08704E+00 2.57854E+00 6.05465E-03 
7.39554E+01 1.40981E-04 7.92246E-01 1.46420E-01 8.22406E+00 9.84615E+01 2.20642E+02 4.33437E-01 4.11348E+00 2.59467E+00 6.09252E-03 
7.56781E+01 1.42043E-04 7.96638E-01 1.47542E-01 8.33766E+00 9.90123E+01 2.24563E+02 4.39791E-01 4.14074E+00 2.61132E+00 6.13163E-03 
7.74408E+01 1.43129E-04 8.01204E-01 1.48689E-01 8.45319E+00 9.95846E+01 2.28557E+02 4.46246E-01 4.16880E+00 2.62849E+00 6.17196E-03 
7.92447E+01 1.44240E-04 8.05942E-01 1.49862E-01 8.57065E+00 1.00178E+02 2.32627E+02 4.52799E-01 4.19767E+00 2.64618E+00 6.21350E-03 
8.10905E+01 1.45376E-04 8.10852E-01 1.51060E-01 8.69003E+00 1.00793E+02 2.36770E+02 4.59452E-01 4.22733E+00 2.66438E+00 6.25624E-03 
8.29793E+01 1.46536E-04 8.15931E-01 1.52283E-01 8.81132E+00 1.01429E+02 2.40989E+02 4.66204E-01 4.25779E+00 2.68309E+00 6.30018E-03 
8.49122E+01 1.47721E-04 8.21177E-01 1.53531E-01 8.93454E+00 1.02085E+02 2.45284E+02 4.73055E-01 4.28903E+00 2.70231E+00 6.34531E-03 
8.68900E+01 1.48931E-04 8.26588E-01 1.54805E-01 9.05967E+00 1.02762E+02 2.49654E+02 4.80005E-01 4.32106E+00 2.72203E+00 6.39162E-03 
8.89140E+01 1.50165E-04 8.32164E-01 1.56104E-01 9.18672E+00 1.03460E+02 2.54100E+02 4.87055E-01 4.35386E+00 2.74225E+00 6.43909E-03 
9.09850E+01 1.51423E-04 8.37903E-01 1.57428E-01 9.31568E+00 1.04177E+02 2.58623E+02 4.94204E-01 4.38744E+00 2.76296E+00 6.48774E-03 
9.31044E+01 1.52706E-04 8.43804E-01 1.58777E-01 9.44656E+00 1.04915E+02 2.63222E+02 5.01453E-01 4.42179E+00 2.78417E+00 6.53754E-03 
9.52730E+01 1.54013E-04 8.49865E-01 1.60151E-01 9.57936E+00 1.05672E+02 2.67899E+02 5.08802E-01 4.45691E+00 2.80588E+00 6.58851E-03 
9.74922E+01 1.55345E-04 8.56085E-01 1.61550E-01 9.71408E+00 1.06449E+02 2.72653E+02 5.16250E-01 4.49280E+00 2.82807E+00 6.64062E-03 
9.97631E+01 1.56701E-04 8.62465E-01 1.62974E-01 9.85071E+00 1.07246E+02 2.77485E+02 5.23798E-01 4.52945E+00 2.85075E+00 6.69388E-03 
1.02087E+02 1.58082E-04 8.69001E-01 1.64424E-01 9.98926E+00 1.08063E+02 2.82396E+02 5.31447E-01 4.56687E+00 2.87392E+00 6.74829E-03 
1.04465E+02 1.59488E-04 8.75695E-01 1.65899E-01 1.01297E+01 1.08898E+02 2.87384E+02 5.39195E-01 4.60504E+00 2.89758E+00 6.80384E-03 
1.06898E+02 1.60917E-04 8.82546E-01 1.67399E-01 1.02721E+01 1.09754E+02 2.92452E+02 5.47044E-01 4.64398E+00 2.92172E+00 6.86053E-03 
1.09388E+02 1.62372E-04 8.89552E-01 1.68925E-01 1.04165E+01 1.10628E+02 2.97599E+02 5.54994E-01 4.68368E+00 2.94635E+00 6.91836E-03 
1.11936E+02 1.63851E-04 8.96713E-01 1.70476E-01 1.05628E+01 1.11522E+02 3.02825E+02 5.63045E-01 4.72414E+00 2.97146E+00 6.97733E-03 
1.14543E+02 1.65355E-04 9.04029E-01 1.72052E-01 1.07110E+01 1.12435E+02 3.08132E+02 5.71197E-01 4.76536E+00 2.99706E+00 7.03744E-03 
1.17211E+02 1.66884E-04 9.11499E-01 1.73654E-01 1.08611E+01 1.13367E+02 3.13518E+02 5.79451E-01 4.80734E+00 3.02314E+00 7.09868E-03 
1.19942E+02 1.68437E-04 9.19124E-01 1.75282E-01 1.10132E+01 1.14318E+02 3.18985E+02 5.87807E-01 4.85007E+00 3.04970E+00 7.16106E-03 
1.22735E+02 1.70016E-04 9.26902E-01 1.76935E-01 1.11673E+01 1.15288E+02 3.24532E+02 5.96264E-01 4.89357E+00 3.07675E+00 7.22458E-03 
1.25594E+02 1.71619E-04 9.34834E-01 1.78615E-01 1.13233E+01 1.16278E+02 3.30161E+02 6.04825E-01 4.93783E+00 3.10429E+00 7.28923E-03 
1.28520E+02 1.73248E-04 9.42919E-01 1.80320E-01 1.14812E+01 1.17286E+02 3.35871E+02 6.13488E-01 4.98286E+00 3.13231E+00 7.35502E-03 
1.31513E+02 1.74902E-04 9.51158E-01 1.82051E-01 1.16412E+01 1.18314E+02 3.41663E+02 6.22255E-01 5.02865E+00 3.16081E+00 7.42196E-03 
1.34577E+02 1.76581E-04 9.59550E-01 1.83809E-01 1.18031E+01 1.19360E+02 3.47537E+02 6.31126E-01 5.07520E+00 3.18981E+00 7.49004E-03 
1.37711E+02 1.78286E-04 9.68096E-01 1.85593E-01 1.19670E+01 1.20425E+02 3.53493E+02 6.40101E-01 5.12252E+00 3.21929E+00 7.55927E-03 
1.40919E+02 1.80017E-04 9.76796E-01 1.87403E-01 1.21329E+01 1.21510E+02 3.59532E+02 6.49181E-01 5.17062E+00 3.24926E+00 7.62964E-03 
1.44202E+02 1.81773E-04 9.85649E-01 1.89240E-01 1.23009E+01 1.22614E+02 3.65654E+02 6.58367E-01 5.21949E+00 3.27972E+00 7.70117E-03 
1.47560E+02 1.83555E-04 9.94657E-01 1.91104E-01 1.24708E+01 1.23737E+02 3.71859E+02 6.67658E-01 5.26913E+00 3.31067E+00 7.77385E-03 
1.50998E+02 1.85363E-04 1.00382E+00 1.92995E-01 1.26427E+01 1.24879E+02 3.78148E+02 6.77056E-01 5.31955E+00 3.34212E+00 7.84770E-03 
1.54515E+02 1.87197E-04 1.01314E+00 1.94913E-01 1.28167E+01 1.26040E+02 3.84521E+02 6.86561E-01 5.37076E+00 3.37406E+00 7.92271E-03 
1.58114E+02 1.89058E-04 1.02261E+00 1.96858E-01 1.29928E+01 1.27220E+02 3.90979E+02 6.96174E-01 5.42275E+00 3.40651E+00 7.99888E-03 
1.61797E+02 1.90945E-04 1.03223E+00 1.98831E-01 1.31709E+01 1.28420E+02 3.97521E+02 7.05895E-01 5.47553E+00 3.43945E+00 8.07623E-03 
1.65566E+02 1.92859E-04 1.04202E+00 2.00831E-01 1.33510E+01 1.29639E+02 4.04148E+02 7.15725E-01 5.52910E+00 3.47289E+00 8.15476E-03 
1.69422E+02 1.94800E-04 1.05195E+00 2.02860E-01 1.35333E+01 1.30877E+02 4.10861E+02 7.25665E-01 5.58347E+00 3.50684E+00 8.23447E-03 
1.73368E+02 1.96768E-04 1.06205E+00 2.04916E-01 1.37176E+01 1.32135E+02 4.17659E+02 7.35716E-01 5.63863E+00 3.54129E+00 8.31538E-03 
1.77407E+02 1.98764E-04 1.07230E+00 2.07001E-01 1.39040E+01 1.33413E+02 4.24544E+02 7.45877E-01 5.69461E+00 3.57625E+00 8.39748E-03 
1.81539E+02 2.00786E-04 1.08271E+00 2.09114E-01 1.40926E+01 1.34710E+02 4.31515E+02 7.56151E-01 5.75139E+00 3.61173E+00 8.48078E-03 
1.85768E+02 2.02837E-04 1.09328E+00 2.11256E-01 1.42833E+01 1.36026E+02 4.38573E+02 7.66538E-01 5.80899E+00 3.64772E+00 8.56529E-03 
1.90095E+02 2.04915E-04 1.10401E+00 2.13426E-01 1.44761E+01 1.37363E+02 4.45718E+02 7.77039E-01 5.86741E+00 3.68423E+00 8.65102E-03 
1.94523E+02 2.07022E-04 1.11490E+00 2.15626E-01 1.46711E+01 1.38719E+02 4.52952E+02 7.87654E-01 5.92665E+00 3.72126E+00 8.73797E-03 
1.99054E+02 2.09156E-04 1.12595E+00 2.17855E-01 1.48683E+01 1.40096E+02 4.60273E+02 7.98385E-01 5.98673E+00 3.75881E+00 8.82615E-03 
2.03690E+02 2.11320E-04 1.13716E+00 2.20114E-01 1.50677E+01 1.41492E+02 4.67683E+02 8.09232E-01 6.04764E+00 3.79689E+00 8.91558E-03 
2.08435E+02 2.13512E-04 1.14854E+00 2.22403E-01 1.52693E+01 1.42909E+02 4.75182E+02 8.20197E-01 6.10939E+00 3.83551E+00 9.00625E-03 
2.13290E+02 2.15733E-04 1.16008E+00 2.24722E-01 1.54731E+01 1.44346E+02 4.82771E+02 8.31280E-01 6.17199E+00 3.87466E+00 9.09817E-03 
2.18258E+02 2.17984E-04 1.17178E+00 2.27072E-01 1.56791E+01 1.45804E+02 4.90450E+02 8.42483E-01 6.23545E+00 3.91434E+00 9.19137E-03 
2.23342E+02 2.20264E-04 1.18365E+00 2.29452E-01 1.58875E+01 1.47282E+02 4.98220E+02 8.53806E-01 6.29976E+00 3.95457E+00 9.28584E-03 
2.28544E+02 2.22574E-04 1.19568E+00 2.31863E-01 1.60981E+01 1.48781E+02 5.06081E+02 8.65251E-01 6.36495E+00 3.99535E+00 9.38159E-03 
2.33868E+02 2.24914E-04 1.20789E+00 2.34306E-01 1.63110E+01 1.50301E+02 5.14033E+02 8.76819E-01 6.43101E+00 4.03668E+00 9.47864E-03 
2.39315E+02 2.27284E-04 1.22026E+00 2.36780E-01 1.65262E+01 1.51841E+02 5.22077E+02 8.88511E-01 6.49795E+00 4.07857E+00 9.57699E-03 
2.44889E+02 2.29685E-04 1.23280E+00 2.39285E-01 1.67438E+01 1.53403E+02 5.30215E+02 9.00328E-01 6.56578E+00 4.12101E+00 9.67666E-03 
2.50594E+02 2.32117E-04 1.24551E+00 2.41823E-01 1.69638E+01 1.54986E+02 5.38445E+02 9.12271E-01 6.63450E+00 4.16402E+00 9.77766E-03 
2.56431E+02 2.34580E-04 1.25840E+00 2.44394E-01 1.71861E+01 1.56591E+02 5.46770E+02 9.24342E-01 6.70413E+00 4.20760E+00 9.87999E-03 
2.62404E+02 2.37075E-04 1.27146E+00 2.46997E-01 1.74109E+01 1.58217E+02 5.55189E+02 9.36542E-01 6.77468E+00 4.25175E+00 9.98367E-03 
2.68516E+02 2.39601E-04 1.28469E+00 2.49634E-01 1.76381E+01 1.59865E+02 5.63704E+02 9.48872E-01 6.84614E+00 4.29649E+00 1.00887E-02 
2.74770E+02 2.42160E-04 1.29811E+00 2.52303E-01 1.78678E+01 1.61536E+02 5.72314E+02 9.61334E-01 6.91853E+00 4.34180E+00 1.01951E-02 
2.81171E+02 2.44751E-04 1.31170E+00 2.55007E-01 1.80999E+01 1.63228E+02 5.81021E+02 9.73929E-01 6.99186E+00 4.38771E+00 1.03029E-02 
2.87720E+02 2.47375E-04 1.32547E+00 2.57744E-01 1.83346E+01 1.64942E+02 5.89825E+02 9.86658E-01 7.06614E+00 4.43421E+00 1.04121E-02 
2.94422E+02 2.50032E-04 1.33942E+00 2.60516E-01 1.85718E+01 1.66680E+02 5.98727E+02 9.99523E-01 7.14137E+00 4.48132E+00 1.05227E-02 
3.01280E+02 2.52723E-04 1.35356E+00 2.63323E-01 1.88116E+01 1.68440E+02 6.07728E+02 1.01253E+00 7.21756E+00 4.52903E+00 1.06348E-02 
3.08298E+02 2.55447E-04 1.36787E+00 2.66165E-01 1.90539E+01 1.70223E+02 6.16828E+02 1.02567E+00 7.29472E+00 4.57735E+00 1.07482E-02 
3.15479E+02 2.58205E-04 1.38238E+00 2.69043E-01 1.92989E+01 1.72029E+02 6.26028E+02 1.03895E+00 7.37287E+00 4.62629E+00 1.08631E-02 
3.22827E+02 2.60998E-04 1.39707E+00 2.71956E-01 1.95465E+01 1.73858E+02 6.35330E+02 1.05237E+00 7.45201E+00 4.67585E+00 1.09795E-02 
3.30347E+02 2.63826E-04 1.41196E+00 2.74906E-01 1.97968E+01 1.75711E+02 6.44733E+02 1.06594E+00 7.53215E+00 4.72604E+00 1.10974E-02 
3.38041E+02 2.66688E-04 1.42703E+00 2.77892E-01 2.00498E+01 1.77588E+02 6.54239E+02 1.07965E+00 7.61331E+00 4.77687E+00 1.12167E-02 
3.45915E+02 2.69587E-04 1.44230E+00 2.80915E-01 2.03056E+01 1.79489E+02 6.63848E+02 1.09351E+00 7.69548E+00 4.82834E+00 1.13376E-02 
3.53973E+02 2.72521E-04 1.45776E+00 2.83976E-01 2.05641E+01 1.81414E+02 6.73562E+02 1.10751E+00 7.77869E+00 4.88045E+00 1.14600E-02 
3.62218E+02 2.75492E-04 1.47342E+00 2.87074E-01 2.08254E+01 1.83363E+02 6.83381E+02 1.12167E+00 7.86294E+00 4.93323E+00 1.15839E-02 
3.70655E+02 2.78499E-04 1.48928E+00 2.90210E-01 2.10895E+01 1.85338E+02 6.93306E+02 1.13598E+00 7.94824E+00 4.98666E+00 1.17094E-02 
3.79289E+02 2.81543E-04 1.50534E+00 2.93385E-01 2.13565E+01 1.87337E+02 7.03338E+02 1.15044E+00 8.03460E+00 5.04076E+00 1.18364E-02 
3.88124E+02 2.84625E-04 1.52160E+00 2.96600E-01 2.16264E+01 1.89361E+02 7.13479E+02 1.16506E+00 8.12204E+00 5.09554E+00 1.19650E-02 
3.97164E+02 2.87745E-04 1.53807E+00 2.99853E-01 2.18992E+01 1.91411E+02 7.23728E+02 1.17983E+00 8.21056E+00 5.15100E+00 1.20953E-02 
4.06415E+02 2.90902E-04 1.55474E+00 3.03146E-01 2.21749E+01 1.93487E+02 7.34087E+02 1.19477E+00 8.30018E+00 5.20714E+00 1.22271E-02 
4.15882E+02 2.94099E-04 1.57162E+00 3.06480E-01 2.24537E+01 1.95589E+02 7.44558E+02 1.20986E+00 8.39090E+00 5.26399E+00 1.23606E-02 
4.25569E+02 2.97335E-04 1.58871E+00 3.09854E-01 2.27354E+01 1.97716E+02 7.55140E+02 1.22512E+00 8.48275E+00 5.32153E+00 1.24957E-02 
4.35482E+02 3.00610E-04 1.60602E+00 3.13270E-01 2.30203E+01 1.99871E+02 7.65836E+02 1.24054E+00 8.57573E+00 5.37979E+00 1.26325E-02 
4.45625E+02 3.03925E-04 1.62354E+00 3.16727E-01 2.33082E+01 2.02052E+02 7.76645E+02 1.25612E+00 8.66985E+00 5.43876E+00 1.27710E-02 
4.56005E+02 3.07280E-04 1.64128E+00 3.20226E-01 2.35993E+01 2.04260E+02 7.87571E+02 1.27188E+00 8.76513E+00 5.49846E+00 1.29112E-02 
4.66627E+02 3.10676E-04 1.65923E+00 3.23767E-01 2.38935E+01 2.06496E+02 7.98612E+02 1.28781E+00 8.86157E+00 5.55889E+00 1.30531E-02 
4.77496E+02 3.14114E-04 1.67741E+00 3.27352E-01 2.41909E+01 2.08759E+02 8.09771E+02 1.30391E+00 8.95919E+00 5.62007E+00 1.31968E-02 
4.88619E+02 3.17593E-04 1.69582E+00 3.30980E-01 2.44916E+01 2.11050E+02 8.21049E+02 1.32018E+00 9.05801E+00 5.68199E+00 1.33422E-02 
5.00000E+02 3.21114E-04 1.71445E+00 3.34652E-01 2.47955E+01 2.13369E+02 8.32447E+02 1.33663E+00 9.15803E+00 5.74467E+00 1.34893E-02 
5.11646E+02 3.24678E-04 1.73331E+00 3.38368E-01 2.51028E+01 2.15716E+02 8.43966E+02 1.35326E+00 9.25927E+00 5.80811E+00 1.36383E-02 
5.23564E+02 3.28285E-04 1.75240E+00 3.42129E-01 2.54134E+01 2.18093E+02 8.55607E+02 1.37006E+00 9.36175E+00 5.87233E+00 1.37891E-02 
5.35760E+02 3.31936E-04 1.77172E+00 3.45936E-01 2.57275E+01 2.20498E+02 8.67372E+02 1.38706E+00 9.46546E+00 5.93733E+00 1.39418E-02 
5.48239E+02 3.35630E-04 1.79128E+00 3.49788E-01 2.60449E+01 2.22933E+02 8.79262E+02 1.40423E+00 9.57044E+00 6.00311E+00 1.40962E-02 
5.61009E+02 3.39369E-04 1.81108E+00 3.53687E-01 2.63659E+01 2.25398E+02 8.91279E+02 1.42160E+00 9.67669E+00 6.06970E+00 1.42526E-02 
5.74077E+02 3.43153E-04 1.83112E+00 3.57632E-01 2.66903E+01 2.27893E+02 9.03423E+02 1.43915E+00 9.78422E+00 6.13709E+00 1.44108E-02 
5.87449E+02 3.46983E-04 1.85140E+00 3.61626E-01 2.70184E+01 2.30418E+02 9.15695E+02 1.45690E+00 9.89305E+00 6.20530E+00 1.45710E-02 
6.01132E+02 3.50859E-04 1.87194E+00 3.65667E-01 2.73500E+01 2.32973E+02 9.28098E+02 1.47484E+00 1.00032E+01 6.27434E+00 1.47331E-02 
6.15134E+02 3.54781E-04 1.89272E+00 3.69756E-01 2.76852E+01 2.35560E+02 9.40633E+02 1.49297E+00 1.01147E+01 6.34421E+00 1.48972E-02 
6.29463E+02 3.58750E-04 1.91375E+00 3.73895E-01 2.80242E+01 2.38178E+02 9.53301E+02 1.51131E+00 1.02275E+01 6.41492E+00 1.50632E-02 
6.44125E+02 3.62767E-04 1.93503E+00 3.78083E-01 2.83669E+01 2.40828E+02 9.66103E+02 1.52984E+00 1.03417E+01 6.48648E+00 1.52313E-02 
6.59128E+02 3.66832E-04 1.95658E+00 3.82321E-01 2.87134E+01 2.43510E+02 9.79042E+02 1.54858E+00 1.04572E+01 6.55891E+00 1.54014E-02 
6.74481E+02 3.70945E-04 1.97838E+00 3.86610E-01 2.90637E+01 2.46224E+02 9.92118E+02 1.56753E+00 1.05742E+01 6.63220E+00 1.55735E-02 
6.90192E+02 3.75108E-04 2.00045E+00 3.90950E-01 2.94178E+01 2.48971E+02 1.00533E+03 1.58668E+00 1.06925E+01 6.70638E+00 1.57477E-02 
7.06269E+02 3.79320E-04 2.02279E+00 3.95342E-01 2.97759E+01 2.51751E+02 1.01869E+03 1.60605E+00 1.08123E+01 6.78144E+00 1.59239E-02 
7.22720E+02 3.83583E-04 2.04539E+00 3.99786E-01 3.01380E+01 2.54564E+02 1.03219E+03 1.62563E+00 1.09335E+01 6.85741E+00 1.61023E-02 
7.39554E+02 3.87897E-04 2.06826E+00 4.04284E-01 3.05040E+01 2.57412E+02 1.04583E+03 1.64542E+00 1.10561E+01 6.93429E+00 1.62828E-02 
7.56781E+02 3.92262E-04 2.09141E+00 4.08835E-01 3.08741E+01 2.60293E+02 1.05961E+03 1.66543E+00 1.11802E+01 7.01209E+00 1.64655E-02 
7.74408E+02 3.96679E-04 2.11484E+00 4.13440E-01 3.12483E+01 2.63209E+02 1.07355E+03 1.68567E+00 1.13058E+01 7.09082E+00 1.66504E-02 
7.92447E+02 4.01148E-04 2.13855E+00 4.18100E-01 3.16267E+01 2.66161E+02 1.08763E+03 1.70613E+00 1.14329E+01 7.17049E+00 1.68375E-02 
8.10905E+02 4.05671E-04 2.16254E+00 4.22815E-01 3.20093E+01 2.69147E+02 1.10186E+03 1.72681E+00 1.15616E+01 7.25111E+00 1.70268E-02 
8.29793E+02 4.10248E-04 2.18682E+00 4.27586E-01 3.23961E+01 2.72169E+02 1.11625E+03 1.74773E+00 1.16917E+01 7.33269E+00 1.72184E-02 
8.49122E+02 4.14879E-04 2.21139E+00 4.32414E-01 3.27872E+01 2.75228E+02 1.13078E+03 1.76887E+00 1.18234E+01 7.41525E+00 1.74122E-02 
8.68900E+02 4.19565E-04 2.23625E+00 4.37300E-01 3.31827E+01 2.78322E+02 1.14548E+03 1.79026E+00 1.19567E+01 7.49879E+00 1.76084E-02 
8.89140E+02 4.24306E-04 2.26141E+00 4.42243E-01 3.35826E+01 2.81454E+02 1.16033E+03 1.81188E+00 1.20915E+01 7.58333E+00 1.78069E-02 
9.09850E+02 4.29104E-04 2.28687E+00 4.47245E-01 3.39869E+01 2.84623E+02 1.17534E+03 1.83374E+00 1.22280E+01 7.66887E+00 1.80078E-02 
9.31044E+02 4.33958E-04 2.31264E+00 4.52306E-01 3.43958E+01 2.87830E+02 1.19051E+03 1.85584E+00 1.23661E+01 7.75543E+00 1.82111E-02 
9.52730E+02 4.38871E-04 2.33871E+00 4.57427E-01 3.48092E+01 2.91076E+02 1.20584E+03 1.87819E+00 1.25058E+01 7.84301E+00 1.84167E-02 
9.74922E+02 4.43841E-04 2.36509E+00 4.62609E-01 3.52273E+01 2.94359E+02 1.22134E+03 1.90079E+00 1.26472E+01 7.93164E+00 1.86248E-02 
9.97631E+02 4.48870E-04 2.39179E+00 4.67852E-01 3.56500E+01 2.97682E+02 1.23701E+03 1.92364E+00 1.27902E+01 8.02132E+00 1.88354E-02 
1.02087E+03 4.53959E-04 2.41880E+00 4.73157E-01 3.60775E+01 3.01045E+02 1.25284E+03 1.94674E+00 1.29350E+01 8.11206E+00 1.90485E-02 
1.04465E+03 4.59108E-04 2.44613E+00 4.78525E-01 3.65097E+01 3.04447E+02 1.26885E+03 1.97011E+00 1.30815E+01 8.20388E+00 1.92641E-02 
1.06898E+03 4.64317E-04 2.47379E+00 4.83956E-01 3.69468E+01 3.07890E+02 1.28502E+03 1.99374E+00 1.32297E+01 8.29679E+00 1.94823E-02 
1.09388E+03 4.69588E-04 2.50178E+00 4.89451E-01 3.73888E+01 3.11373E+02 1.30137E+03 2.01763E+00 1.33796E+01 8.39080E+00 1.97030E-02 
1.11936E+03 4.74922E-04 2.53010E+00 4.95011E-01 3.78358E+01 3.14898E+02 1.31790E+03 2.04178E+00 1.35313E+01 8.48592E+00 1.99264E-02 
1.14543E+03 4.80318E-04 2.55875E+00 5.00637E-01 3.82877E+01 3.18465E+02 1.33461E+03 2.06621E+00 1.36849E+01 8.58217E+00 2.01524E-02 
1.17211E+03 4.85778E-04 2.58775E+00 5.06329E-01 3.87448E+01 3.22074E+02 1.35149E+03 2.09092E+00 1.38402E+01 8.67955E+00 2.03811E-02 
1.19942E+03 4.91303E-04 2.61708E+00 5.12089E-01 3.92070E+01 3.25726E+02 1.36856E+03 2.11590E+00 1.39974E+01 8.77809E+00 2.06125E-02 
1.22735E+03 4.96892E-04 2.64677E+00 5.17916E-01 3.96744E+01 3.29421E+02 1.38582E+03 2.14116E+00 1.41564E+01 8.87778E+00 2.08466E-02 
1.25594E+03 5.02548E-04 2.67680E+00 5.23811E-01 4.01471E+01 3.33159E+02 1.40326E+03 2.16670E+00 1.43173E+01 8.97866E+00 2.10835E-02 
