5.50000E+00 1.70148E-02 1.70154E-02 1.70154E-02 1.70154E-02 1.70154E-02 1.70154E-02 1.70154E-02 1.70154E-02 1.70154E-02 1.70136E-02 
5.81250E+00 3.92356E-03 3.92356E-03 3.92356E-03 3.92356E-03 3.92356E-03 3.92356E-03 3.92356E-03 3.92356E-03 3.92356E-03 3.92356E-03 
6.14275E+00 1.42426E-03 1.42426E-03 1.42426E-03 1.42426E-03 1.42426E-03 1.42426E-03 1.42426E-03 1.42426E-03 1.42426E-03 1.42426E-03 
6.49176E+00 7.05472E-04 7.05472E-04 7.05472E-04 7.05472E-04 7.05472E-04 7.05472E-04 7.05472E-04 7.05472E-04 7.05472E-04 7.05472E-04 
6.86061E+00 4.17479E-04 4.17479E-04 4.17479E-04 4.17479E-04 4.17479E-04 4.17479E-04 4.17479E-04 4.17479E-04 4.17479E-04 4.17479E-04 
7.25041E+00 2.73762E-04 2.73762E-04 2.73762E-04 2.73762E-04 2.73762E-04 2.73762E-04 2.73762E-04 2.73762E-04 2.73762E-04 2.73762E-04 
7.66236E+00 1.92326E-04 1.92326E-04 1.92326E-04 1.92326E-04 1.92326E-04 1.92326E-04 1.92326E-04 1.92326E-04 1.92326E-04 1.92326E-04 
8.09772E+00 1.41742E-04 1.41742E-04 1.41742E-04 1.41742E-04 1.41742E-04 1.41742E-04 1.41742E-04 1.41742E-04 1.41742E-04 1.41742E-04 
8.55781E+00 1.08275E-04 1.08275E-04 1.08275E-04 1.08275E-04 1.08275E-04 1.08275E-04 1.08275E-04 1.08275E-04 1.08275E-04 1.08275E-04 
9.04404E+00 8.50945E-05 8.50945E-05 8.50945E-05 8.50945E-05 8.50945E-05 8.50945E-05 8.50945E-05 8.50945E-05 8.50945E-05 8.50945E-05 
9.55790E+00 6.84741E-05 6.84741E-05 6.84741E-05 6.84741E-05 6.84741E-05 6.84741E-05 6.84741E-05 6.84741E-05 6.84741E-05 6.84741E-05 
1.01010E+01 5.62261E-05 5.62261E-05 5.62261E-05 5.62261E-05 5.62261E-05 5.62261E-05 5.62261E-05 5.62261E-05 5.62261E-05 5.62261E-05 
1.06749E+01 4.70304E-05 4.70304E-05 4.70304E-05 4.70304E-05 4.70304E-05 4.70304E-05 4.70304E-05 4.70304E-05 4.70304E-05 4.70304E-05 
1.12814E+01 3.99584E-05 3.99584E-05 3.99584E-05 3.99584E-05 3.99584E-05 3.99584E-05 3.99584E-05 3.99584E-05 3.99584E-05 3.99584E-05 
1.19224E+01 3.44400E-05 3.44400E-05 3.44400E-05 3.44400E-05 3.44400E-05 3.44400E-05 3.44400E-05 3.44400E-05 3.44400E-05 3.44400E-05 
1.25998E+01 3.00730E-05 3.00730E-05 3.00730E-05 3.00730E-05 3.00730E-05 3.00730E-05 3.00730E-05 3.00730E-05 3.00730E-05 3.00730E-05 
1.33157E+01 2.65631E-05 2.65631E-05 2.65631E-05 2.65631E-05 2.65631E-05 2.65631E-05 2.65631E-05 2.65631E-05 2.65631E-05 2.65631E-05 
1.40722E+01 2.37223E-05 2.37223E-05 2.37223E-05 2.37223E-05 2.37223E-05 2.37223E-05 2.37223E-05 2.37223E-05 2.37223E-05 2.37223E-05 
1.48718E+01 2.13856E-05 2.13856E-05 2.13856E-05 2.13856E-05 2.13856E-05 2.13856E-05 2.13856E-05 2.13856E-05 2.13856E-05 2.13856E-05 
1.57167E+01 1.94578E-05 1.94578E-05 1.94578E-05 1.94578E-05 1.94578E-05 1.94578E-05 1.94578E-05 1.94578E-05 1.94578E-05 1.94578E-05 
1.66097E+01 1.78475E-05 1.78475E-05 1.78475E-05 1.78475E-05 1.78475E-05 1.78475E-05 1.78475E-05 1.78475E-05 1.78475E-05 1.78475E-05 
1.75535E+01 1.64961E-05 1.64961E-05 1.64961E-05 1.64961E-05 1.64961E-05 1.64961E-05 1.64961E-05 1.64961E-05 1.64961E-05 1.64961E-05 
1.85508E+01 1.53553E-05 1.53553E-05 1.53553E-05 1.53553E-05 1.53553E-05 1.53553E-05 1.53553E-05 1.53553E-05 1.53553E-05 1.53553E-05 
1.96048E+01 1.43866E-05 1.43866E-05 1.43866E-05 1.43866E-05 1.43866E-05 1.43866E-05 1.43866E-05 1.43866E-05 1.43866E-05 1.43866E-05 
2.07187E+01 1.35607E-05 1.35607E-05 1.35607E-05 1.35607E-05 1.35607E-05 1.35607E-05 1.35607E-05 1.35607E-05 1.35607E-05 1.35607E-05 
2.18959E+01 1.28556E-05 1.28556E-05 1.28556E-05 1.28556E-05 1.28556E-05 1.28556E-05 1.28556E-05 1.28556E-05 1.28556E-05 1.28556E-05 
2.31400E+01 1.22500E-05 1.22500E-05 1.22500E-05 1.22500E-05 1.22500E-05 1.22500E-05 1.22500E-05 1.22500E-05 1.22500E-05 1.22500E-05 
2.44547E+01 1.17315E-05 1.17315E-05 1.17315E-05 1.17315E-05 1.17315E-05 1.17315E-05 1.17315E-05 1.17315E-05 1.17315E-05 1.17315E-05 
2.58442E+01 1.12870E-05 1.12870E-05 1.12870E-05 1.12870E-05 1.12870E-05 1.12870E-05 1.12870E-05 1.12870E-05 1.12870E-05 1.12870E-05 
2.73126E+01 1.09080E-05 1.09080E-05 1.09080E-05 1.09080E-05 1.09080E-05 1.09080E-05 1.09080E-05 1.09080E-05 1.09080E-05 1.09080E-05 
2.88644E+01 1.05853E-05 1.05853E-05 1.05853E-05 1.05853E-05 1.05853E-05 1.05853E-05 1.05853E-05 1.05853E-05 1.05853E-05 1.05853E-05 
3.05044E+01 1.03126E-05 1.03126E-05 1.03126E-05 1.03126E-05 1.03126E-05 1.03126E-05 1.03126E-05 1.03126E-05 1.03126E-05 1.03126E-05 
3.22376E+01 1.00859E-05 1.00859E-05 1.00859E-05 1.00859E-05 1.00859E-05 1.00859E-05 1.00859E-05 1.00859E-05 1.00859E-05 1.00859E-05 
3.40693E+01 9.89869E-06 9.89869E-06 9.89869E-06 9.89869E-06 9.89869E-06 9.89869E-06 9.89869E-06 9.89869E-06 9.89869E-06 9.89869E-06 
3.60050E+01 9.74784E-06 9.74784E-06 9.74784E-06 9.74784E-06 9.74784E-06 9.74784E-06 9.74784E-06 9.74784E-06 9.74784E-06 9.74784E-06 
3.80507E+01 9.63011E-06 9.63011E-06 9.63011E-06 9.63011E-06 9.63011E-06 9.63011E-06 9.63011E-06 9.63011E-06 9.63011E-06 9.63011E-06 
4.02126E+01 9.54057E-06 9.54057E-06 9.54057E-06 9.54057E-06 9.54057E-06 9.54057E-06 9.54057E-06 9.54057E-06 9.54057E-06 9.54057E-06 
4.24974E+01 9.47982E-06 9.47982E-06 9.47982E-06 9.47982E-06 9.47982E-06 9.47982E-06 9.47982E-06 9.47982E-06 9.47982E-06 9.47982E-06 
4.49120E+01 9.44417E-06 9.44417E-06 9.44417E-06 9.44417E-06 9.44417E-06 9.44417E-06 9.44417E-06 9.44417E-06 9.44417E-06 9.44417E-06 
4.74638E+01 9.43192E-06 9.43192E-06 9.43192E-06 9.43192E-06 9.43192E-06 9.43192E-06 9.43192E-06 9.43192E-06 9.43192E-06 9.43192E-06 
5.01606E+01 9.44108E-06 9.44108E-06 9.44108E-06 9.44108E-06 9.44108E-06 9.44108E-06 9.44108E-06 9.44108E-06 9.44108E-06 9.44108E-06 
5.30106E+01 9.47001E-06 9.47001E-06 9.47001E-06 9.47001E-06 9.47001E-06 9.47001E-06 9.47001E-06 9.47001E-06 9.47001E-06 9.47001E-06 
5.60225E+01 9.51763E-06 9.51763E-06 9.51763E-06 9.51763E-06 9.51763E-06 9.51763E-06 9.51763E-06 9.51763E-06 9.51763E-06 9.51763E-06 
5.92056E+01 9.58282E-06 9.58282E-06 9.58282E-06 9.58282E-06 9.58282E-06 9.58282E-06 9.58282E-06 9.58282E-06 9.58282E-06 9.58282E-06 
6.25695E+01 9.66463E-06 9.66463E-06 9.66463E-06 9.66463E-06 9.66463E-06 9.66463E-06 9.66463E-06 9.66463E-06 9.66463E-06 9.66463E-06 
6.61245E+01 9.76219E-06 9.76219E-06 9.76219E-06 9.76219E-06 9.76219E-06 9.76219E-06 9.76219E-06 9.76219E-06 9.76219E-06 9.76219E-06 
6.98816E+01 9.87477E-06 9.87477E-06 9.87477E-06 9.87477E-06 9.87477E-06 9.87477E-06 9.87477E-06 9.87477E-06 9.87477E-06 9.87477E-06 
7.38521E+01 1.00018E-05 1.00018E-05 1.00018E-05 1.00018E-05 1.00018E-05 1.00018E-05 1.00018E-05 1.00018E-05 1.00018E-05 1.00018E-05 
7.80482E+01 1.01427E-05 1.01427E-05 1.01427E-05 1.01427E-05 1.01427E-05 1.01427E-05 1.01427E-05 1.01427E-05 1.01427E-05 1.01427E-05 
8.24827E+01 1.02972E-05 1.02972E-05 1.02972E-05 1.02972E-05 1.02972E-05 1.02972E-05 1.02972E-05 1.02972E-05 1.02972E-05 1.02972E-05 
8.71691E+01 1.04649E-05 1.04649E-05 1.04649E-05 1.04649E-05 1.04649E-05 1.04649E-05 1.04649E-05 1.04649E-05 1.04649E-05 1.04649E-05 
9.21219E+01 1.06454E-05 1.06454E-05 1.06454E-05 1.06454E-05 1.06454E-05 1.06454E-05 1.06454E-05 1.06454E-05 1.06454E-05 1.06454E-05 
9.73560E+01 1.08385E-05 1.08385E-05 1.08385E-05 1.08385E-05 1.08385E-05 1.08385E-05 1.08385E-05 1.08385E-05 1.08385E-05 1.08385E-05 
1.02888E+02 1.10440E-05 1.10440E-05 1.10440E-05 1.10440E-05 1.10440E-05 1.10440E-05 1.10440E-05 1.10440E-05 1.10440E-05 1.10440E-05 
1.08733E+02 1.12617E-05 1.12617E-05 1.12617E-05 1.12617E-05 1.12617E-05 1.12617E-05 1.12617E-05 1.12617E-05 1.12617E-05 1.12617E-05 
1.14911E+02 1.14914E-05 1.14914E-05 1.14914E-05 1.14914E-05 1.14914E-05 1.14914E-05 1.14914E-05 1.14914E-05 1.14914E-05 1.14914E-05 
1.21440E+02 1.17330E-05 1.17330E-05 1.17330E-05 1.17330E-05 1.17330E-05 1.17330E-05 1.17330E-05 1.17330E-05 1.17330E-05 1.17330E-05 
1.28340E+02 1.19864E-05 1.19864E-05 1.19864E-05 1.19864E-05 1.19864E-05 1.19864E-05 1.19864E-05 1.19864E-05 1.19864E-05 1.19864E-05 
1.35632E+02 1.22516E-05 1.22516E-05 1.22516E-05 1.22516E-05 1.22516E-05 1.22516E-05 1.22516E-05 1.22516E-05 1.22516E-05 1.22516E-05 
1.43338E+02 1.25285E-05 1.25285E-05 1.25285E-05 1.25285E-05 1.25285E-05 1.25285E-05 1.25285E-05 1.25285E-05 1.25285E-05 1.25285E-05 
1.51483E+02 1.28171E-05 1.28171E-05 1.28171E-05 1.28171E-05 1.28171E-05 1.28171E-05 1.28171E-05 1.28171E-05 1.28171E-05 1.28171E-05 
1.60089E+02 1.31174E-05 1.31174E-05 1.31174E-05 1.31174E-05 1.31174E-05 1.31174E-05 1.31174E-05 1.31174E-05 1.31174E-05 1.31174E-05 
1.69185E+02 1.34294E-05 1.34294E-05 1.34294E-05 1.34294E-05 1.34294E-05 1.34294E-05 1.34294E-05 1.34294E-05 1.34294E-05 1.34294E-05 
1.78798E+02 1.37534E-05 1.37534E-05 1.37534E-05 1.37534E-05 1.37534E-05 1.37534E-05 1.37534E-05 1.37534E-05 1.37534E-05 1.37534E-05 
1.88957E+02 1.40893E-05 1.40893E-05 1.40893E-05 1.40893E-05 1.40893E-05 1.40893E-05 1.40893E-05 1.40893E-05 1.40893E-05 1.40893E-05 
1.99693E+02 1.44393E-05 1.44393E-05 1.44393E-05 1.44393E-05 1.44393E-05 1.44393E-05 1.44393E-05 1.44393E-05 1.44393E-05 1.44393E-05 
2.11039E+02 1.47995E-05 1.47995E-05 1.47995E-05 1.47995E-05 1.47995E-05 1.47995E-05 1.47995E-05 1.47995E-05 1.47995E-05 1.47995E-05 
2.23030E+02 1.51721E-05 1.51721E-05 1.51721E-05 1.51721E-05 1.51721E-05 1.51721E-05 1.51721E-05 1.51721E-05 1.51721E-05 1.51721E-05 
2.35702E+02 1.55573E-05 1.55573E-05 1.55573E-05 1.55573E-05 1.55573E-05 1.55573E-05 1.55573E-05 1.55573E-05 1.55573E-05 1.55573E-05 
2.49094E+02 1.59553E-05 1.59553E-05 1.59553E-05 1.59553E-05 1.59553E-05 1.59553E-05 1.59553E-05 1.59553E-05 1.59553E-05 1.59553E-05 
2.63247E+02 1.63662E-05 1.63662E-05 1.63662E-05 1.63662E-05 1.63662E-05 1.63662E-05 1.63662E-05 1.63662E-05 1.63662E-05 1.63662E-05 
2.78204E+02 1.67904E-05 1.67904E-05 1.67904E-05 1.67904E-05 1.67904E-05 1.67904E-05 1.67904E-05 1.67904E-05 1.67904E-05 1.67904E-05 
2.94010E+02 1.72281E-05 1.72281E-05 1.72281E-05 1.72281E-05 1.72281E-05 1.72281E-05 1.72281E-05 1.72281E-05 1.72281E-05 1.72281E-05 
3.10715E+02 1.76796E-05 1.76796E-05 1.76796E-05 1.76796E-05 1.76796E-05 1.76796E-05 1.76796E-05 1.76796E-05 1.76796E-05 1.76796E-05 
3.28369E+02 1.81451E-05 1.81451E-05 1.81451E-05 1.81451E-05 1.81451E-05 1.81451E-05 1.81451E-05 1.81451E-05 1.81451E-05 1.81451E-05 
3.47027E+02 1.86250E-05 1.86250E-05 1.86250E-05 1.86250E-05 1.86250E-05 1.86250E-05 1.86250E-05 1.86250E-05 1.86250E-05 1.86250E-05 
3.66744E+02 1.91196E-05 1.91196E-05 1.91196E-05 1.91196E-05 1.91196E-05 1.91196E-05 1.91196E-05 1.91196E-05 1.91196E-05 1.91196E-05 
3.87581E+02 1.96292E-05 1.96292E-05 1.96292E-05 1.96292E-05 1.96292E-05 1.96292E-05 1.96292E-05 1.96292E-05 1.96292E-05 1.96292E-05 
4.09603E+02 2.01542E-05 2.01542E-05 2.01542E-05 2.01542E-05 2.01542E-05 2.01542E-05 2.01542E-05 2.01542E-05 2.01542E-05 2.01542E-05 
4.32875E+02 2.06949E-05 2.06949E-05 2.06949E-05 2.06949E-05 2.06949E-05 2.06949E-05 2.06949E-05 2.06949E-05 2.06949E-05 2.06949E-05 
4.57470E+02 2.12518E-05 2.12518E-05 2.12518E-05 2.12518E-05 2.12518E-05 2.12518E-05 2.12518E-05 2.12518E-05 2.12518E-05 2.12518E-05 
4.83462E+02 2.18251E-05 2.18251E-05 2.18251E-05 2.18251E-05 2.18251E-05 2.18251E-05 2.18251E-05 2.18251E-05 2.18251E-05 2.18251E-05 
5.10932E+02 2.24155E-05 2.24155E-05 2.24155E-05 2.24155E-05 2.24155E-05 2.24155E-05 2.24155E-05 2.24155E-05 2.24155E-05 2.24155E-05 
5.39961E+02 2.30231E-05 2.30231E-05 2.30231E-05 2.30231E-05 2.30231E-05 2.30231E-05 2.30231E-05 2.30231E-05 2.30231E-05 2.30231E-05 
5.70641E+02 2.36486E-05 2.36486E-05 2.36486E-05 2.36486E-05 2.36486E-05 2.36486E-05 2.36486E-05 2.36486E-05 2.36486E-05 2.36486E-05 
6.03063E+02 2.42924E-05 2.42924E-05 2.42924E-05 2.42924E-05 2.42924E-05 2.42924E-05 2.42924E-05 2.42924E-05 2.42924E-05 2.42924E-05 
6.37328E+02 2.49549E-05 2.49549E-05 2.49549E-05 2.49549E-05 2.49549E-05 2.49549E-05 2.49549E-05 2.49549E-05 2.49549E-05 2.49549E-05 
6.73539E+02 2.56366E-05 2.56366E-05 2.56366E-05 2.56366E-05 2.56366E-05 2.56366E-05 2.56366E-05 2.56366E-05 2.56366E-05 2.56366E-05 
7.11808E+02 2.63380E-05 2.63380E-05 2.63380E-05 2.63380E-05 2.63380E-05 2.63380E-05 2.63380E-05 2.63380E-05 2.63380E-05 2.63380E-05 
7.52251E+02 2.70597E-05 2.70597E-05 2.70597E-05 2.70597E-05 2.70597E-05 2.70597E-05 2.70597E-05 2.70597E-05 2.70597E-05 2.70597E-05 
7.94992E+02 2.78022E-05 2.78022E-05 2.78022E-05 2.78022E-05 2.78022E-05 2.78022E-05 2.78022E-05 2.78022E-05 2.78022E-05 2.78022E-05 
8.40161E+02 2.85661E-05 2.85661E-05 2.85661E-05 2.85661E-05 2.85661E-05 2.85661E-05 2.85661E-05 2.85661E-05 2.85661E-05 2.85661E-05 
8.87897E+02 2.93519E-05 2.93519E-05 2.93519E-05 2.93519E-05 2.93519E-05 2.93519E-05 2.93519E-05 2.93519E-05 2.93519E-05 2.93519E-05 
9.38345E+02 3.01601E-05 3.01601E-05 3.01601E-05 3.01601E-05 3.01601E-05 3.01601E-05 3.01601E-05 3.01601E-05 3.01601E-05 3.01601E-05 
9.91660E+02 3.09950E-05 3.09950E-05 3.09950E-05 3.09950E-05 3.09950E-05 3.09950E-05 3.09950E-05 3.09950E-05 3.09950E-05 3.09950E-05 
1.04800E+03 3.18503E-05 3.18503E-05 3.18503E-05 3.18503E-05 3.18503E-05 3.18503E-05 3.18503E-05 3.18503E-05 3.18503E-05 3.18503E-05 
1.10755E+03 3.27299E-05 3.27299E-05 3.27299E-05 3.27299E-05 3.27299E-05 3.27299E-05 3.27299E-05 3.27299E-05 3.27299E-05 3.27299E-05 
1.17048E+03 3.36346E-05 3.36346E-05 3.36346E-05 3.36346E-05 3.36346E-05 3.36346E-05 3.36346E-05 3.36346E-05 3.36346E-05 3.36346E-05 
1.23698E+03 3.45651E-05 3.45651E-05 3.45651E-05 3.45651E-05 3.45651E-05 3.45651E-05 3.45651E-05 3.45651E-05 3.45651E-05 3.45651E-05 
1.30726E+03 3.55221E-05 3.55221E-05 3.55221E-05 3.55221E-05 3.55221E-05 3.55221E-05 3.55221E-05 3.55221E-05 3.55221E-05 3.55221E-05 
1.38154E+03 3.65062E-05 3.65062E-05 3.65062E-05 3.65062E-05 3.65062E-05 3.65062E-05 3.65062E-05 3.65062E-05 3.65062E-05 3.65062E-05 
1.46003E+03 3.75182E-05 3.75182E-05 3.75182E-05 3.75182E-05 3.75182E-05 3.75182E-05 3.75182E-05 3.75182E-05 3.75182E-05 3.75182E-05 
1.54299E+03 3.85589E-05 3.85589E-05 3.85589E-05 3.85589E-05 3.85589E-05 3.85589E-05 3.85589E-05 3.85589E-05 3.85589E-05 3.85589E-05 
1.63066E+03 3.96291E-05 3.96291E-05 3.96291E-05 3.96291E-05 3.96291E-05 3.96291E-05 3.96291E-05 3.96291E-05 3.96291E-05 3.96291E-05 
1.72331E+03 4.07297E-05 4.07297E-05 4.07297E-05 4.07297E-05 4.07297E-05 4.07297E-05 4.07297E-05 4.07297E-05 4.07297E-05 4.07297E-05 
1.82122E+03 4.18613E-05 4.18613E-05 4.18613E-05 4.18613E-05 4.18613E-05 4.18613E-05 4.18613E-05 4.18613E-05 4.18613E-05 4.18613E-05 
1.92470E+03 4.30250E-05 4.30250E-05 4.30250E-05 4.30250E-05 4.30250E-05 4.30250E-05 4.30250E-05 4.30250E-05 4.30250E-05 4.30250E-05 
2.03405E+03 4.42215E-05 4.42215E-05 4.42215E-05 4.42215E-05 4.42215E-05 4.42215E-05 4.42215E-05 4.42215E-05 4.42215E-05 4.42215E-05 
2.14962E+03 4.54518E-05 4.54518E-05 4.54518E-05 4.54518E-05 4.54518E-05 4.54518E-05 4.54518E-05 4.54518E-05 4.54518E-05 4.54518E-05 
2.27176E+03 4.67169E-05 4.67169E-05 4.67169E-05 4.67169E-05 4.67169E-05 4.67169E-05 4.67169E-05 4.67169E-05 4.67169E-05 4.67169E-05 
2.40084E+03 4.80176E-05 4.80176E-05 4.80176E-05 4.80176E-05 4.80176E-05 4.80176E-05 4.80176E-05 4.80176E-05 4.80176E-05 4.80176E-05 
2.53725E+03 4.93550E-05 4.93550E-05 4.93550E-05 4.93550E-05 4.93550E-05 4.93550E-05 4.93550E-05 4.93550E-05 4.93550E-05 4.93550E-05 
2.68141E+03 5.07302E-05 5.07302E-05 5.07302E-05 5.07302E-05 5.07302E-05 5.07302E-05 5.07302E-05 5.07302E-05 5.07302E-05 5.07302E-05 
2.83376E+03 5.21440E-05 5.21440E-05 5.21440E-05 5.21440E-05 5.21440E-05 5.21440E-05 5.21440E-05 5.21440E-05 5.21440E-05 5.21440E-05 
2.99476E+03 5.35978E-05 5.35978E-05 5.35978E-05 5.35978E-05 5.35978E-05 5.35978E-05 5.35978E-05 5.35978E-05 5.35978E-05 5.35978E-05 
3.16492E+03 5.50924E-05 5.50924E-05 5.50924E-05 5.50924E-05 5.50924E-05 5.50924E-05 5.50924E-05 5.50924E-05 5.50924E-05 5.50924E-05 
3.34474E+03 5.66292E-05 5.66292E-05 5.66292E-05 5.66292E-05 5.66292E-05 5.66292E-05 5.66292E-05 5.66292E-05 5.66292E-05 5.66292E-05 
3.53478E+03 5.82092E-05 5.82092E-05 5.82092E-05 5.82092E-05 5.82092E-05 5.82092E-05 5.82092E-05 5.82092E-05 5.82092E-05 5.82092E-05 
3.73562E+03 5.98336E-05 5.98336E-05 5.98336E-05 5.98336E-05 5.98336E-05 5.98336E-05 5.98336E-05 5.98336E-05 5.98336E-05 5.98336E-05 
3.94787E+03 6.15037E-05 6.15037E-05 6.15037E-05 6.15037E-05 6.15037E-05 6.15037E-05 6.15037E-05 6.15037E-05 6.15037E-05 6.15037E-05 
4.17218E+03 6.32208E-05 6.32208E-05 6.32208E-05 6.32208E-05 6.32208E-05 6.32208E-05 6.32208E-05 6.32208E-05 6.32208E-05 6.32208E-05 
4.40923E+03 6.49862E-05 6.49862E-05 6.49862E-05 6.49862E-05 6.49862E-05 6.49862E-05 6.49862E-05 6.49862E-05 6.49862E-05 6.49862E-05 
4.65975E+03 6.68013E-05 6.68013E-05 6.68013E-05 6.68013E-05 6.68013E-05 6.68013E-05 6.68013E-05 6.68013E-05 6.68013E-05 6.68013E-05 
4.92451E+03 6.86673E-05 6.86673E-05 6.86673E-05 6.86673E-05 6.86673E-05 6.86673E-05 6.86673E-05 6.86673E-05 6.86673E-05 6.86673E-05 
5.20430E+03 7.05858E-05 7.05858E-05 7.05858E-05 7.05858E-05 7.05858E-05 7.05858E-05 7.05858E-05 7.05858E-05 7.05858E-05 7.05858E-05 
5.50000E+03 7.25581E-05 7.25581E-05 7.25581E-05 7.25581E-05 7.25581E-05 7.25581E-05 7.25581E-05 7.25581E-05 7.25581E-05 7.25581E-05 
5.81250E+03 7.45859E-05 7.45859E-05 7.45859E-05 7.45859E-05 7.45859E-05 7.45859E-05 7.45859E-05 7.45859E-05 7.45859E-05 7.45859E-05 
6.14275E+03 7.66706E-05 7.66706E-05 7.66706E-05 7.66706E-05 7.66706E-05 7.66706E-05 7.66706E-05 7.66706E-05 7.66706E-05 7.66706E-05 
6.49176E+03 7.88139E-05 7.88139E-05 7.88139E-05 7.88139E-05 7.88139E-05 7.88139E-05 7.88139E-05 7.88139E-05 7.88139E-05 7.88139E-05 
6.86061E+03 8.10174E-05 8.10174E-05 8.10174E-05 8.10174E-05 8.10174E-05 8.10174E-05 8.10174E-05 8.10174E-05 8.10174E-05 8.10174E-05 
7.25041E+03 8.32827E-05 8.32827E-05 8.32827E-05 8.32827E-05 8.32827E-05 8.32827E-05 8.32827E-05 8.32827E-05 8.32827E-05 8.32827E-05 
7.66236E+03 8.56116E-05 8.56116E-05 8.56116E-05 8.56116E-05 8.56116E-05 8.56116E-05 8.56116E-05 8.56116E-05 8.56116E-05 8.56116E-05 
8.09772E+03 8.80059E-05 8.80059E-05 8.80059E-05 8.80059E-05 8.80059E-05 8.80059E-05 8.80059E-05 8.80059E-05 8.80059E-05 8.80059E-05 
8.55781E+03 9.04673E-05 9.04673E-05 9.04673E-05 9.04673E-05 9.04673E-05 9.04673E-05 9.04673E-05 9.04673E-05 9.04673E-05 9.04673E-05 
9.04404E+03 9.29979E-05 9.29979E-05 9.29979E-05 9.29979E-05 9.29979E-05 9.29979E-05 9.29979E-05 9.29979E-05 9.29979E-05 9.29979E-05 
9.55790E+03 9.55995E-05 9.55995E-05 9.55995E-05 9.55995E-05 9.55995E-05 9.55995E-05 9.55995E-05 9.55995E-05 9.55995E-05 9.55995E-05 
