5.50000E+00 8.71960E-03 8.71995E-03 8.71994E-03 8.71994E-03 8.71994E-03 8.71994E-03 8.71995E-03 8.71995E-03 8.71995E-03 8.71900E-03 
5.81250E+00 2.82370E-03 2.82370E-03 2.82370E-03 2.82370E-03 2.82370E-03 2.82370E-03 2.82370E-03 2.82370E-03 2.82370E-03 2.82370E-03 
6.14275E+00 1.19032E-03 1.19032E-03 1.19032E-03 1.19032E-03 1.19032E-03 1.19032E-03 1.19032E-03 1.19032E-03 1.19032E-03 1.19032E-03 
6.49176E+00 6.24664E-04 6.24664E-04 6.24664E-04 6.24664E-04 6.24664E-04 6.24664E-04 6.24664E-04 6.24664E-04 6.24664E-04 6.24664E-04 
6.86061E+00 3.79943E-04 3.79943E-04 3.79943E-04 3.79943E-04 3.79943E-04 3.79943E-04 3.79943E-04 3.79943E-04 3.79943E-04 3.79943E-04 
7.25041E+00 2.53168E-04 2.53168E-04 2.53168E-04 2.53168E-04 2.53168E-04 2.53168E-04 2.53168E-04 2.53168E-04 2.53168E-04 2.53168E-04 
7.66236E+00 1.79709E-04 1.79709E-04 1.79709E-04 1.79709E-04 1.79709E-04 1.79709E-04 1.79709E-04 1.79709E-04 1.79709E-04 1.79709E-04 
8.09772E+00 1.33427E-04 1.33427E-04 1.33427E-04 1.33427E-04 1.33427E-04 1.33427E-04 1.33427E-04 1.33427E-04 1.33427E-04 1.33427E-04 
8.55781E+00 1.02499E-04 1.02499E-04 1.02499E-04 1.02499E-04 1.02499E-04 1.02499E-04 1.02499E-04 1.02499E-04 1.02499E-04 1.02499E-04 
9.04404E+00 8.09195E-05 8.09195E-05 8.09195E-05 8.09195E-05 8.09195E-05 8.09195E-05 8.09195E-05 8.09195E-05 8.09195E-05 8.09195E-05 
9.55790E+00 6.53570E-05 6.53570E-05 6.53570E-05 6.53570E-05 6.53570E-05 6.53570E-05 6.53570E-05 6.53570E-05 6.53570E-05 6.53570E-05 
1.01010E+01 5.38351E-05 5.38351E-05 5.38351E-05 5.38351E-05 5.38351E-05 5.38351E-05 5.38351E-05 5.38351E-05 5.38351E-05 5.38351E-05 
1.06749E+01 4.51515E-05 4.51515E-05 4.51515E-05 4.51515E-05 4.51515E-05 4.51515E-05 4.51515E-05 4.51515E-05 4.51515E-05 4.51515E-05 
1.12814E+01 3.84514E-05 3.84514E-05 3.84514E-05 3.84514E-05 3.84514E-05 3.84514E-05 3.84514E-05 3.84514E-05 3.84514E-05 3.84514E-05 
1.19224E+01 3.32092E-05 3.32092E-05 3.32092E-05 3.32092E-05 3.32092E-05 3.32092E-05 3.32092E-05 3.32092E-05 3.32092E-05 3.32092E-05 
1.25998E+01 2.90503E-05 2.90503E-05 2.90503E-05 2.90503E-05 2.90503E-05 2.90503E-05 2.90503E-05 2.90503E-05 2.90503E-05 2.90503E-05 
1.33157E+01 2.57006E-05 2.57006E-05 2.57006E-05 2.57006E-05 2.57006E-05 2.57006E-05 2.57006E-05 2.57006E-05 2.57006E-05 2.57006E-05 
1.40722E+01 2.29843E-05 2.29843E-05 2.29843E-05 2.29843E-05 2.29843E-05 2.29843E-05 2.29843E-05 2.29843E-05 2.29843E-05 2.29843E-05 
1.48718E+01 2.07465E-05 2.07465E-05 2.07465E-05 2.07465E-05 2.07465E-05 2.07465E-05 2.07465E-05 2.07465E-05 2.07465E-05 2.07465E-05 
1.57167E+01 1.88972E-05 1.88972E-05 1.88972E-05 1.88972E-05 1.88972E-05 1.88972E-05 1.88972E-05 1.88972E-05 1.88972E-05 1.88972E-05 
1.66097E+01 1.73508E-05 1.73508E-05 1.73508E-05 1.73508E-05 1.73508E-05 1.73508E-05 1.73508E-05 1.73508E-05 1.73508E-05 1.73508E-05 
1.75535E+01 1.60514E-05 1.60514E-05 1.60514E-05 1.60514E-05 1.60514E-05 1.60514E-05 1.60514E-05 1.60514E-05 1.60514E-05 1.60514E-05 
1.85508E+01 1.49535E-05 1.49535E-05 1.49535E-05 1.49535E-05 1.49535E-05 1.49535E-05 1.49535E-05 1.49535E-05 1.49535E-05 1.49535E-05 
1.96048E+01 1.40204E-05 1.40204E-05 1.40204E-05 1.40204E-05 1.40204E-05 1.40204E-05 1.40204E-05 1.40204E-05 1.40204E-05 1.40204E-05 
2.07187E+01 1.32242E-05 1.32242E-05 1.32242E-05 1.32242E-05 1.32242E-05 1.32242E-05 1.32242E-05 1.32242E-05 1.32242E-05 1.32242E-05 
2.18959E+01 1.25435E-05 1.25435E-05 1.25435E-05 1.25435E-05 1.25435E-05 1.25435E-05 1.25435E-05 1.25435E-05 1.25435E-05 1.25435E-05 
2.31400E+01 1.19598E-05 1.19598E-05 1.19598E-05 1.19598E-05 1.19598E-05 1.19598E-05 1.19598E-05 1.19598E-05 1.19598E-05 1.19598E-05 
2.44547E+01 1.14593E-05 1.14593E-05 1.14593E-05 1.14593E-05 1.14593E-05 1.14593E-05 1.14593E-05 1.14593E-05 1.14593E-05 1.14593E-05 
2.58442E+01 1.10302E-05 1.10302E-05 1.10302E-05 1.10302E-05 1.10302E-05 1.10302E-05 1.10302E-05 1.10302E-05 1.10302E-05 1.10302E-05 
2.73126E+01 1.06644E-05 1.06644E-05 1.06644E-05 1.06644E-05 1.06644E-05 1.06644E-05 1.06644E-05 1.06644E-05 1.06644E-05 1.06644E-05 
2.88644E+01 1.03530E-05 1.03530E-05 1.03530E-05 1.03530E-05 1.03530E-05 1.03530E-05 1.03530E-05 1.03530E-05 1.03530E-05 1.03530E-05 
3.05044E+01 1.00898E-05 1.00898E-05 1.00898E-05 1.00898E-05 1.00898E-05 1.00898E-05 1.00898E-05 1.00898E-05 1.00898E-05 1.00898E-05 
3.22376E+01 9.87128E-06 9.87128E-06 9.87128E-06 9.87128E-06 9.87128E-06 9.87128E-06 9.87128E-06 9.87128E-06 9.87128E-06 9.87128E-06 
3.40693E+01 9.69098E-06 9.69098E-06 9.69098E-06 9.69098E-06 9.69098E-06 9.69098E-06 9.69098E-06 9.69098E-06 9.69098E-06 9.69098E-06 
3.60050E+01 9.54586E-06 9.54586E-06 9.54586E-06 9.54586E-06 9.54586E-06 9.54586E-06 9.54586E-06 9.54586E-06 9.54586E-06 9.54586E-06 
3.80507E+01 9.43122E-06 9.43122E-06 9.43122E-06 9.43122E-06 9.43122E-06 9.43122E-06 9.43122E-06 9.43122E-06 9.43122E-06 9.43122E-06 
4.02126E+01 9.34709E-06 9.34709E-06 9.34709E-06 9.34709E-06 9.34709E-06 9.34709E-06 9.34709E-06 9.34709E-06 9.34709E-06 9.34709E-06 
4.24974E+01 9.28930E-06 9.28930E-06 9.28930E-06 9.28930E-06 9.28930E-06 9.28930E-06 9.28930E-06 9.28930E-06 9.28930E-06 9.28930E-06 
4.49120E+01 9.25584E-06 9.25584E-06 9.25584E-06 9.25584E-06 9.25584E-06 9.25584E-06 9.25584E-06 9.25584E-06 9.25584E-06 9.25584E-06 
4.74638E+01 9.24509E-06 9.24509E-06 9.24509E-06 9.24509E-06 9.24509E-06 9.24509E-06 9.24509E-06 9.24509E-06 9.24509E-06 9.24509E-06 
5.01606E+01 9.25512E-06 9.25512E-06 9.25512E-06 9.25512E-06 9.25512E-06 9.25512E-06 9.25512E-06 9.25512E-06 9.25512E-06 9.25512E-06 
5.30106E+01 9.28437E-06 9.28437E-06 9.28437E-06 9.28437E-06 9.28437E-06 9.28437E-06 9.28437E-06 9.28437E-06 9.28437E-06 9.28437E-06 
5.60225E+01 9.33178E-06 9.33178E-06 9.33178E-06 9.33178E-06 9.33178E-06 9.33178E-06 9.33178E-06 9.33178E-06 9.33178E-06 9.33178E-06 
5.92056E+01 9.39627E-06 9.39627E-06 9.39627E-06 9.39627E-06 9.39627E-06 9.39627E-06 9.39627E-06 9.39627E-06 9.39627E-06 9.39627E-06 
6.25695E+01 9.47692E-06 9.47692E-06 9.47692E-06 9.47692E-06 9.47692E-06 9.47692E-06 9.47692E-06 9.47692E-06 9.47692E-06 9.47692E-06 
6.61245E+01 9.57290E-06 9.57290E-06 9.57290E-06 9.57290E-06 9.57290E-06 9.57290E-06 9.57290E-06 9.57290E-06 9.57290E-06 9.57290E-06 
6.98816E+01 9.68349E-06 9.68349E-06 9.68349E-06 9.68349E-06 9.68349E-06 9.68349E-06 9.68349E-06 9.68349E-06 9.68349E-06 9.68349E-06 
7.38521E+01 9.80812E-06 9.80812E-06 9.80812E-06 9.80812E-06 9.80812E-06 9.80812E-06 9.80812E-06 9.80812E-06 9.80812E-06 9.80812E-06 
7.80482E+01 9.94636E-06 9.94636E-06 9.94636E-06 9.94636E-06 9.94636E-06 9.94636E-06 9.94636E-06 9.94636E-06 9.94636E-06 9.94636E-06 
8.24827E+01 1.00978E-05 1.00978E-05 1.00978E-05 1.00978E-05 1.00978E-05 1.00978E-05 1.00978E-05 1.00978E-05 1.00978E-05 1.00978E-05 
8.71691E+01 1.02620E-05 1.02620E-05 1.02620E-05 1.02620E-05 1.02620E-05 1.02620E-05 1.02620E-05 1.02620E-05 1.02620E-05 1.02620E-05 
9.21219E+01 1.04388E-05 1.04388E-05 1.04388E-05 1.04388E-05 1.04388E-05 1.04388E-05 1.04388E-05 1.04388E-05 1.04388E-05 1.04388E-05 
9.73560E+01 1.06279E-05 1.06279E-05 1.06279E-05 1.06279E-05 1.06279E-05 1.06279E-05 1.06279E-05 1.06279E-05 1.06279E-05 1.06279E-05 
1.02888E+02 1.08291E-05 1.08291E-05 1.08291E-05 1.08291E-05 1.08291E-05 1.08291E-05 1.08291E-05 1.08291E-05 1.08291E-05 1.08291E-05 
1.08733E+02 1.10421E-05 1.10421E-05 1.10421E-05 1.10421E-05 1.10421E-05 1.10421E-05 1.10421E-05 1.10421E-05 1.10421E-05 1.10421E-05 
1.14911E+02 1.12668E-05 1.12668E-05 1.12668E-05 1.12668E-05 1.12668E-05 1.12668E-05 1.12668E-05 1.12668E-05 1.12668E-05 1.12668E-05 
1.21440E+02 1.15032E-05 1.15032E-05 1.15032E-05 1.15032E-05 1.15032E-05 1.15032E-05 1.15032E-05 1.15032E-05 1.15032E-05 1.15032E-05 
1.28340E+02 1.17512E-05 1.17512E-05 1.17512E-05 1.17512E-05 1.17512E-05 1.17512E-05 1.17512E-05 1.17512E-05 1.17512E-05 1.17512E-05 
1.35632E+02 1.20105E-05 1.20105E-05 1.20105E-05 1.20105E-05 1.20105E-05 1.20105E-05 1.20105E-05 1.20105E-05 1.20105E-05 1.20105E-05 
1.43338E+02 1.22814E-05 1.22814E-05 1.22814E-05 1.22814E-05 1.22814E-05 1.22814E-05 1.22814E-05 1.22814E-05 1.22814E-05 1.22814E-05 
1.51483E+02 1.25636E-05 1.25636E-05 1.25636E-05 1.25636E-05 1.25636E-05 1.25636E-05 1.25636E-05 1.25636E-05 1.25636E-05 1.25636E-05 
1.60089E+02 1.28573E-05 1.28573E-05 1.28573E-05 1.28573E-05 1.28573E-05 1.28573E-05 1.28573E-05 1.28573E-05 1.28573E-05 1.28573E-05 
1.69185E+02 1.31626E-05 1.31626E-05 1.31626E-05 1.31626E-05 1.31626E-05 1.31626E-05 1.31626E-05 1.31626E-05 1.31626E-05 1.31626E-05 
1.78798E+02 1.34794E-05 1.34794E-05 1.34794E-05 1.34794E-05 1.34794E-05 1.34794E-05 1.34794E-05 1.34794E-05 1.34794E-05 1.34794E-05 
1.88957E+02 1.38079E-05 1.38079E-05 1.38079E-05 1.38079E-05 1.38079E-05 1.38079E-05 1.38079E-05 1.38079E-05 1.38079E-05 1.38079E-05 
1.99693E+02 1.41482E-05 1.41482E-05 1.41482E-05 1.41482E-05 1.41482E-05 1.41482E-05 1.41482E-05 1.41482E-05 1.41482E-05 1.41482E-05 
2.11039E+02 1.45026E-05 1.45026E-05 1.45026E-05 1.45026E-05 1.45026E-05 1.45026E-05 1.45026E-05 1.45026E-05 1.45026E-05 1.45026E-05 
2.23030E+02 1.48670E-05 1.48670E-05 1.48670E-05 1.48670E-05 1.48670E-05 1.48670E-05 1.48670E-05 1.48670E-05 1.48670E-05 1.48670E-05 
2.35702E+02 1.52437E-05 1.52437E-05 1.52437E-05 1.52437E-05 1.52437E-05 1.52437E-05 1.52437E-05 1.52437E-05 1.52437E-05 1.52437E-05 
2.49094E+02 1.56330E-05 1.56330E-05 1.56330E-05 1.56330E-05 1.56330E-05 1.56330E-05 1.56330E-05 1.56330E-05 1.56330E-05 1.56330E-05 
2.63247E+02 1.60349E-05 1.60349E-05 1.60349E-05 1.60349E-05 1.60349E-05 1.60349E-05 1.60349E-05 1.60349E-05 1.60349E-05 1.60349E-05 
2.78204E+02 1.64498E-05 1.64498E-05 1.64498E-05 1.64498E-05 1.64498E-05 1.64498E-05 1.64498E-05 1.64498E-05 1.64498E-05 1.64498E-05 
2.94010E+02 1.68779E-05 1.68779E-05 1.68779E-05 1.68779E-05 1.68779E-05 1.68779E-05 1.68779E-05 1.68779E-05 1.68779E-05 1.68779E-05 
3.10715E+02 1.73195E-05 1.73195E-05 1.73195E-05 1.73195E-05 1.73195E-05 1.73195E-05 1.73195E-05 1.73195E-05 1.73195E-05 1.73195E-05 
3.28369E+02 1.77749E-05 1.77749E-05 1.77749E-05 1.77749E-05 1.77749E-05 1.77749E-05 1.77749E-05 1.77749E-05 1.77749E-05 1.77749E-05 
3.47027E+02 1.82443E-05 1.82443E-05 1.82443E-05 1.82443E-05 1.82443E-05 1.82443E-05 1.82443E-05 1.82443E-05 1.82443E-05 1.82443E-05 
3.66744E+02 1.87281E-05 1.87281E-05 1.87281E-05 1.87281E-05 1.87281E-05 1.87281E-05 1.87281E-05 1.87281E-05 1.87281E-05 1.87281E-05 
3.87581E+02 1.92266E-05 1.92266E-05 1.92266E-05 1.92266E-05 1.92266E-05 1.92266E-05 1.92266E-05 1.92266E-05 1.92266E-05 1.92266E-05 
4.09603E+02 1.97402E-05 1.97402E-05 1.97402E-05 1.97402E-05 1.97402E-05 1.97402E-05 1.97402E-05 1.97402E-05 1.97402E-05 1.97402E-05 
4.32875E+02 2.02692E-05 2.02692E-05 2.02692E-05 2.02692E-05 2.02692E-05 2.02692E-05 2.02692E-05 2.02692E-05 2.02692E-05 2.02692E-05 
4.57470E+02 2.08140E-05 2.08140E-05 2.08140E-05 2.08140E-05 2.08140E-05 2.08140E-05 2.08140E-05 2.08140E-05 2.08140E-05 2.08140E-05 
4.83462E+02 2.13749E-05 2.13749E-05 2.13749E-05 2.13749E-05 2.13749E-05 2.13749E-05 2.13749E-05 2.13749E-05 2.13749E-05 2.13749E-05 
5.10932E+02 2.19524E-05 2.19524E-05 2.19524E-05 2.19524E-05 2.19524E-05 2.19524E-05 2.19524E-05 2.19524E-05 2.19524E-05 2.19524E-05 
5.39961E+02 2.25469E-05 2.25469E-05 2.25469E-05 2.25469E-05 2.25469E-05 2.25469E-05 2.25469E-05 2.25469E-05 2.25469E-05 2.25469E-05 
5.70641E+02 2.31589E-05 2.31589E-05 2.31589E-05 2.31589E-05 2.31589E-05 2.31589E-05 2.31589E-05 2.31589E-05 2.31589E-05 2.31589E-05 
6.03063E+02 2.37887E-05 2.37887E-05 2.37887E-05 2.37887E-05 2.37887E-05 2.37887E-05 2.37887E-05 2.37887E-05 2.37887E-05 2.37887E-05 
6.37328E+02 2.44369E-05 2.44369E-05 2.44369E-05 2.44369E-05 2.44369E-05 2.44369E-05 2.44369E-05 2.44369E-05 2.44369E-05 2.44369E-05 
6.73539E+02 2.51039E-05 2.51039E-05 2.51039E-05 2.51039E-05 2.51039E-05 2.51039E-05 2.51039E-05 2.51039E-05 2.51039E-05 2.51039E-05 
7.11808E+02 2.57902E-05 2.57902E-05 2.57902E-05 2.57902E-05 2.57902E-05 2.57902E-05 2.57902E-05 2.57902E-05 2.57902E-05 2.57902E-05 
7.52251E+02 2.64964E-05 2.64964E-05 2.64964E-05 2.64964E-05 2.64964E-05 2.64964E-05 2.64964E-05 2.64964E-05 2.64964E-05 2.64964E-05 
7.94992E+02 2.72229E-05 2.72229E-05 2.72229E-05 2.72229E-05 2.72229E-05 2.72229E-05 2.72229E-05 2.72229E-05 2.72229E-05 2.72229E-05 
8.40161E+02 2.79703E-05 2.79703E-05 2.79703E-05 2.79703E-05 2.79703E-05 2.79703E-05 2.79703E-05 2.79703E-05 2.79703E-05 2.79703E-05 
8.87897E+02 2.87392E-05 2.87392E-05 2.87392E-05 2.87392E-05 2.87392E-05 2.87392E-05 2.87392E-05 2.87392E-05 2.87392E-05 2.87392E-05 
9.38345E+02 2.95301E-05 2.95301E-05 2.95301E-05 2.95301E-05 2.95301E-05 2.95301E-05 2.95301E-05 2.95301E-05 2.95301E-05 2.95301E-05 
9.91660E+02 3.03437E-05 3.03437E-05 3.03437E-05 3.03437E-05 3.03437E-05 3.03437E-05 3.03437E-05 3.03437E-05 3.03437E-05 3.03437E-05 
1.04800E+03 3.11805E-05 3.11805E-05 3.11805E-05 3.11805E-05 3.11805E-05 3.11805E-05 3.11805E-05 3.11805E-05 3.11805E-05 3.11805E-05 
1.10755E+03 3.20412E-05 3.20412E-05 3.20412E-05 3.20412E-05 3.20412E-05 3.20412E-05 3.20412E-05 3.20412E-05 3.20412E-05 3.20412E-05 
1.17048E+03 3.29264E-05 3.29264E-05 3.29264E-05 3.29264E-05 3.29264E-05 3.29264E-05 3.29264E-05 3.29264E-05 3.29264E-05 3.29264E-05 
1.23698E+03 3.38369E-05 3.38369E-05 3.38369E-05 3.38369E-05 3.38369E-05 3.38369E-05 3.38369E-05 3.38369E-05 3.38369E-05 3.38369E-05 
1.30726E+03 3.47732E-05 3.47732E-05 3.47732E-05 3.47732E-05 3.47732E-05 3.47732E-05 3.47732E-05 3.47732E-05 3.47732E-05 3.47732E-05 
1.38154E+03 3.57401E-05 3.57401E-05 3.57401E-05 3.57401E-05 3.57401E-05 3.57401E-05 3.57401E-05 3.57401E-05 3.57401E-05 3.57401E-05 
1.46003E+03 3.67305E-05 3.67305E-05 3.67305E-05 3.67305E-05 3.67305E-05 3.67305E-05 3.67305E-05 3.67305E-05 3.67305E-05 3.67305E-05 
1.54299E+03 3.77490E-05 3.77490E-05 3.77490E-05 3.77490E-05 3.77490E-05 3.77490E-05 3.77490E-05 3.77490E-05 3.77490E-05 3.77490E-05 
1.63066E+03 3.87963E-05 3.87963E-05 3.87963E-05 3.87963E-05 3.87963E-05 3.87963E-05 3.87963E-05 3.87963E-05 3.87963E-05 3.87963E-05 
1.72331E+03 3.98733E-05 3.98733E-05 3.98733E-05 3.98733E-05 3.98733E-05 3.98733E-05 3.98733E-05 3.98733E-05 3.98733E-05 3.98733E-05 
1.82122E+03 4.09808E-05 4.09808E-05 4.09808E-05 4.09808E-05 4.09808E-05 4.09808E-05 4.09808E-05 4.09808E-05 4.09808E-05 4.09808E-05 
1.92470E+03 4.21196E-05 4.21196E-05 4.21196E-05 4.21196E-05 4.21196E-05 4.21196E-05 4.21196E-05 4.21196E-05 4.21196E-05 4.21196E-05 
2.03405E+03 4.32906E-05 4.32906E-05 4.32906E-05 4.32906E-05 4.32906E-05 4.32906E-05 4.32906E-05 4.32906E-05 4.32906E-05 4.32906E-05 
2.14962E+03 4.44947E-05 4.44947E-05 4.44947E-05 4.44947E-05 4.44947E-05 4.44947E-05 4.44947E-05 4.44947E-05 4.44947E-05 4.44947E-05 
2.27176E+03 4.57328E-05 4.57328E-05 4.57328E-05 4.57328E-05 4.57328E-05 4.57328E-05 4.57328E-05 4.57328E-05 4.57328E-05 4.57328E-05 
2.40084E+03 4.70058E-05 4.70058E-05 4.70058E-05 4.70058E-05 4.70058E-05 4.70058E-05 4.70058E-05 4.70058E-05 4.70058E-05 4.70058E-05 
2.53725E+03 4.83147E-05 4.83147E-05 4.83147E-05 4.83147E-05 4.83147E-05 4.83147E-05 4.83147E-05 4.83147E-05 4.83147E-05 4.83147E-05 
2.68141E+03 4.96605E-05 4.96605E-05 4.96605E-05 4.96605E-05 4.96605E-05 4.96605E-05 4.96605E-05 4.96605E-05 4.96605E-05 4.96605E-05 
2.83376E+03 5.10443E-05 5.10443E-05 5.10443E-05 5.10443E-05 5.10443E-05 5.10443E-05 5.10443E-05 5.10443E-05 5.10443E-05 5.10443E-05 
2.99476E+03 5.24671E-05 5.24671E-05 5.24671E-05 5.24671E-05 5.24671E-05 5.24671E-05 5.24671E-05 5.24671E-05 5.24671E-05 5.24671E-05 
3.16492E+03 5.39299E-05 5.39299E-05 5.39299E-05 5.39299E-05 5.39299E-05 5.39299E-05 5.39299E-05 5.39299E-05 5.39299E-05 5.39299E-05 
3.34474E+03 5.54340E-05 5.54340E-05 5.54340E-05 5.54340E-05 5.54340E-05 5.54340E-05 5.54340E-05 5.54340E-05 5.54340E-05 5.54340E-05 
3.53478E+03 5.69803E-05 5.69803E-05 5.69803E-05 5.69803E-05 5.69803E-05 5.69803E-05 5.69803E-05 5.69803E-05 5.69803E-05 5.69803E-05 
3.73562E+03 5.85702E-05 5.85702E-05 5.85702E-05 5.85702E-05 5.85702E-05 5.85702E-05 5.85702E-05 5.85702E-05 5.85702E-05 5.85702E-05 
3.94787E+03 6.02048E-05 6.02048E-05 6.02048E-05 6.02048E-05 6.02048E-05 6.02048E-05 6.02048E-05 6.02048E-05 6.02048E-05 6.02048E-05 
4.17218E+03 6.18854E-05 6.18854E-05 6.18854E-05 6.18854E-05 6.18854E-05 6.18854E-05 6.18854E-05 6.18854E-05 6.18854E-05 6.18854E-05 
4.40923E+03 6.36133E-05 6.36133E-05 6.36133E-05 6.36133E-05 6.36133E-05 6.36133E-05 6.36133E-05 6.36133E-05 6.36133E-05 6.36133E-05 
4.65975E+03 6.53897E-05 6.53897E-05 6.53897E-05 6.53897E-05 6.53897E-05 6.53897E-05 6.53897E-05 6.53897E-05 6.53897E-05 6.53897E-05 
4.92451E+03 6.72161E-05 6.72161E-05 6.72161E-05 6.72161E-05 6.72161E-05 6.72161E-05 6.72161E-05 6.72161E-05 6.72161E-05 6.72161E-05 
5.20430E+03 6.90938E-05 6.90938E-05 6.90938E-05 6.90938E-05 6.90938E-05 6.90938E-05 6.90938E-05 6.90938E-05 6.90938E-05 6.90938E-05 
5.50000E+03 7.10242E-05 7.10242E-05 7.10242E-05 7.10242E-05 7.10242E-05 7.10242E-05 7.10242E-05 7.10242E-05 7.10242E-05 7.10242E-05 
5.81250E+03 7.30089E-05 7.30089E-05 7.30089E-05 7.30089E-05 7.30089E-05 7.30089E-05 7.30089E-05 7.30089E-05 7.30089E-05 7.30089E-05 
6.14275E+03 7.50494E-05 7.50494E-05 7.50494E-05 7.50494E-05 7.50494E-05 7.50494E-05 7.50494E-05 7.50494E-05 7.50494E-05 7.50494E-05 
6.49176E+03 7.71471E-05 7.71471E-05 7.71471E-05 7.71471E-05 7.71471E-05 7.71471E-05 7.71471E-05 7.71471E-05 7.71471E-05 7.71471E-05 
6.86061E+03 7.93038E-05 7.93038E-05 7.93038E-05 7.93038E-05 7.93038E-05 7.93038E-05 7.93038E-05 7.93038E-05 7.93038E-05 7.93038E-05 
7.25041E+03 8.15210E-05 8.15210E-05 8.15210E-05 8.15210E-05 8.15210E-05 8.15210E-05 8.15210E-05 8.15210E-05 8.15210E-05 8.15210E-05 
7.66236E+03 8.38004E-05 8.38004E-05 8.38004E-05 8.38004E-05 8.38004E-05 8.38004E-05 8.38004E-05 8.38004E-05 8.38004E-05 8.38004E-05 
8.09772E+03 8.61439E-05 8.61439E-05 8.61439E-05 8.61439E-05 8.61439E-05 8.61439E-05 8.61439E-05 8.61439E-05 8.61439E-05 8.61439E-05 
8.55781E+03 8.85531E-05 8.85531E-05 8.85531E-05 8.85531E-05 8.85531E-05 8.85531E-05 8.85531E-05 8.85531E-05 8.85531E-05 8.85531E-05 
9.04404E+03 9.10299E-05 9.10299E-05 9.10299E-05 9.10299E-05 9.10299E-05 9.10299E-05 9.10299E-05 9.10299E-05 9.10299E-05 9.10299E-05 
9.55790E+03 9.35763E-05 9.35763E-05 9.35763E-05 9.35763E-05 9.35763E-05 9.35763E-05 9.35763E-05 9.35763E-05 9.35763E-05 9.35763E-05 
