5.50000E+00 6.57922E-03 6.57949E-03 6.57948E-03 6.57948E-03 6.57948E-03 6.57948E-03 6.57949E-03 6.57949E-03 6.57949E-03 6.57877E-03 
5.81250E+00 2.31742E-03 2.31742E-03 2.31742E-03 2.31742E-03 2.31742E-03 2.31742E-03 2.31742E-03 2.31742E-03 2.31742E-03 2.31742E-03 
6.14275E+00 1.04310E-03 1.04310E-03 1.04310E-03 1.04310E-03 1.04310E-03 1.04310E-03 1.04310E-03 1.04310E-03 1.04310E-03 1.04310E-03 
6.49176E+00 5.66413E-04 5.66413E-04 5.66413E-04 5.66413E-04 5.66413E-04 5.66413E-04 5.66413E-04 5.66413E-04 5.66413E-04 5.66413E-04 
6.86061E+00 3.50977E-04 3.50977E-04 3.50977E-04 3.50977E-04 3.50977E-04 3.50977E-04 3.50977E-04 3.50977E-04 3.50977E-04 3.50977E-04 
7.25041E+00 2.36608E-04 2.36608E-04 2.36608E-04 2.36608E-04 2.36608E-04 2.36608E-04 2.36608E-04 2.36608E-04 2.36608E-04 2.36608E-04 
7.66236E+00 1.69284E-04 1.69284E-04 1.69284E-04 1.69284E-04 1.69284E-04 1.69284E-04 1.69284E-04 1.69284E-04 1.69284E-04 1.69284E-04 
8.09772E+00 1.26421E-04 1.26421E-04 1.26421E-04 1.26421E-04 1.26421E-04 1.26421E-04 1.26421E-04 1.26421E-04 1.26421E-04 1.26421E-04 
8.55781E+00 9.75585E-05 9.75585E-05 9.75585E-05 9.75585E-05 9.75585E-05 9.75585E-05 9.75585E-05 9.75585E-05 9.75585E-05 9.75585E-05 
9.04404E+00 7.73038E-05 7.73038E-05 7.73038E-05 7.73038E-05 7.73038E-05 7.73038E-05 7.73038E-05 7.73038E-05 7.73038E-05 7.73038E-05 
9.55790E+00 6.26300E-05 6.26300E-05 6.26300E-05 6.26300E-05 6.26300E-05 6.26300E-05 6.26300E-05 6.26300E-05 6.26300E-05 6.26300E-05 
1.01010E+01 5.17372E-05 5.17372E-05 5.17372E-05 5.17372E-05 5.17372E-05 5.17372E-05 5.17372E-05 5.17372E-05 5.17372E-05 5.17372E-05 
1.06749E+01 4.34858E-05 4.34858E-05 4.34858E-05 4.34858E-05 4.34858E-05 4.34858E-05 4.34858E-05 4.34858E-05 4.34858E-05 4.34858E-05 
1.12814E+01 3.71029E-05 3.71029E-05 3.71029E-05 3.71029E-05 3.71029E-05 3.71029E-05 3.71029E-05 3.71029E-05 3.71029E-05 3.71029E-05 
1.19224E+01 3.21016E-05 3.21016E-05 3.21016E-05 3.21016E-05 3.21016E-05 3.21016E-05 3.21016E-05 3.21016E-05 3.21016E-05 3.21016E-05 
1.25998E+01 2.81252E-05 2.81252E-05 2.81252E-05 2.81252E-05 2.81252E-05 2.81252E-05 2.81252E-05 2.81252E-05 2.81252E-05 2.81252E-05 
1.33157E+01 2.49170E-05 2.49170E-05 2.49170E-05 2.49170E-05 2.49170E-05 2.49170E-05 2.49170E-05 2.49170E-05 2.49170E-05 2.49170E-05 
1.40722E+01 2.23111E-05 2.23111E-05 2.23111E-05 2.23111E-05 2.23111E-05 2.23111E-05 2.23111E-05 2.23111E-05 2.23111E-05 2.23111E-05 
1.48718E+01 2.01613E-05 2.01613E-05 2.01613E-05 2.01613E-05 2.01613E-05 2.01613E-05 2.01613E-05 2.01613E-05 2.01613E-05 2.01613E-05 
1.57167E+01 1.83825E-05 1.83825E-05 1.83825E-05 1.83825E-05 1.83825E-05 1.83825E-05 1.83825E-05 1.83825E-05 1.83825E-05 1.83825E-05 
1.66097E+01 1.68933E-05 1.68933E-05 1.68933E-05 1.68933E-05 1.68933E-05 1.68933E-05 1.68933E-05 1.68933E-05 1.68933E-05 1.68933E-05 
1.75535E+01 1.56409E-05 1.56409E-05 1.56409E-05 1.56409E-05 1.56409E-05 1.56409E-05 1.56409E-05 1.56409E-05 1.56409E-05 1.56409E-05 
1.85508E+01 1.45816E-05 1.45816E-05 1.45816E-05 1.45816E-05 1.45816E-05 1.45816E-05 1.45816E-05 1.45816E-05 1.45816E-05 1.45816E-05 
1.96048E+01 1.36807E-05 1.36807E-05 1.36807E-05 1.36807E-05 1.36807E-05 1.36807E-05 1.36807E-05 1.36807E-05 1.36807E-05 1.36807E-05 
2.07187E+01 1.29116E-05 1.29116E-05 1.29116E-05 1.29116E-05 1.29116E-05 1.29116E-05 1.29116E-05 1.29116E-05 1.29116E-05 1.29116E-05 
2.18959E+01 1.22536E-05 1.22536E-05 1.22536E-05 1.22536E-05 1.22536E-05 1.22536E-05 1.22536E-05 1.22536E-05 1.22536E-05 1.22536E-05 
2.31400E+01 1.16893E-05 1.16893E-05 1.16893E-05 1.16893E-05 1.16893E-05 1.16893E-05 1.16893E-05 1.16893E-05 1.16893E-05 1.16893E-05 
2.44547E+01 1.12052E-05 1.12052E-05 1.12052E-05 1.12052E-05 1.12052E-05 1.12052E-05 1.12052E-05 1.12052E-05 1.12052E-05 1.12052E-05 
2.58442E+01 1.07902E-05 1.07902E-05 1.07902E-05 1.07902E-05 1.07902E-05 1.07902E-05 1.07902E-05 1.07902E-05 1.07902E-05 1.07902E-05 
2.73126E+01 1.04364E-05 1.04364E-05 1.04364E-05 1.04364E-05 1.04364E-05 1.04364E-05 1.04364E-05 1.04364E-05 1.04364E-05 1.04364E-05 
2.88644E+01 1.01353E-05 1.01353E-05 1.01353E-05 1.01353E-05 1.01353E-05 1.01353E-05 1.01353E-05 1.01353E-05 1.01353E-05 1.01353E-05 
3.05044E+01 9.88094E-06 9.88094E-06 9.88094E-06 9.88094E-06 9.88094E-06 9.88094E-06 9.88094E-06 9.88094E-06 9.88094E-06 9.88094E-06 
3.22376E+01 9.66983E-06 9.66983E-06 9.66983E-06 9.66983E-06 9.66983E-06 9.66983E-06 9.66983E-06 9.66983E-06 9.66983E-06 9.66983E-06 
3.40693E+01 9.49582E-06 9.49582E-06 9.49582E-06 9.49582E-06 9.49582E-06 9.49582E-06 9.49582E-06 9.49582E-06 9.49582E-06 9.49582E-06 
3.60050E+01 9.35594E-06 9.35594E-06 9.35594E-06 9.35594E-06 9.35594E-06 9.35594E-06 9.35594E-06 9.35594E-06 9.35594E-06 9.35594E-06 
3.80507E+01 9.24562E-06 9.24562E-06 9.24562E-06 9.24562E-06 9.24562E-06 9.24562E-06 9.24562E-06 9.24562E-06 9.24562E-06 9.24562E-06 
4.02126E+01 9.16493E-06 9.16493E-06 9.16493E-06 9.16493E-06 9.16493E-06 9.16493E-06 9.16493E-06 9.16493E-06 9.16493E-06 9.16493E-06 
4.24974E+01 9.10981E-06 9.10981E-06 9.10981E-06 9.10981E-06 9.10981E-06 9.10981E-06 9.10981E-06 9.10981E-06 9.10981E-06 9.10981E-06 
4.49120E+01 9.07834E-06 9.07834E-06 9.07834E-06 9.07834E-06 9.07834E-06 9.07834E-06 9.07834E-06 9.07834E-06 9.07834E-06 9.07834E-06 
4.74638E+01 9.06894E-06 9.06894E-06 9.06894E-06 9.06894E-06 9.06894E-06 9.06894E-06 9.06894E-06 9.06894E-06 9.06894E-06 9.06894E-06 
5.01606E+01 9.07974E-06 9.07974E-06 9.07974E-06 9.07974E-06 9.07974E-06 9.07974E-06 9.07974E-06 9.07974E-06 9.07974E-06 9.07974E-06 
5.30106E+01 9.10924E-06 9.10924E-06 9.10924E-06 9.10924E-06 9.10924E-06 9.10924E-06 9.10924E-06 9.10924E-06 9.10924E-06 9.10924E-06 
5.60225E+01 9.15641E-06 9.15641E-06 9.15641E-06 9.15641E-06 9.15641E-06 9.15641E-06 9.15641E-06 9.15641E-06 9.15641E-06 9.15641E-06 
5.92056E+01 9.22020E-06 9.22020E-06 9.22020E-06 9.22020E-06 9.22020E-06 9.22020E-06 9.22020E-06 9.22020E-06 9.22020E-06 9.22020E-06 
6.25695E+01 9.29974E-06 9.29974E-06 9.29974E-06 9.29974E-06 9.29974E-06 9.29974E-06 9.29974E-06 9.29974E-06 9.29974E-06 9.29974E-06 
6.61245E+01 9.39421E-06 9.39421E-06 9.39421E-06 9.39421E-06 9.39421E-06 9.39421E-06 9.39421E-06 9.39421E-06 9.39421E-06 9.39421E-06 
6.98816E+01 9.50292E-06 9.50292E-06 9.50292E-06 9.50292E-06 9.50292E-06 9.50292E-06 9.50292E-06 9.50292E-06 9.50292E-06 9.50292E-06 
7.38521E+01 9.62531E-06 9.62531E-06 9.62531E-06 9.62531E-06 9.62531E-06 9.62531E-06 9.62531E-06 9.62531E-06 9.62531E-06 9.62531E-06 
7.80482E+01 9.76098E-06 9.76098E-06 9.76098E-06 9.76098E-06 9.76098E-06 9.76098E-06 9.76098E-06 9.76098E-06 9.76098E-06 9.76098E-06 
8.24827E+01 9.90951E-06 9.90951E-06 9.90951E-06 9.90951E-06 9.90951E-06 9.90951E-06 9.90951E-06 9.90951E-06 9.90951E-06 9.90951E-06 
8.71691E+01 1.00706E-05 1.00706E-05 1.00706E-05 1.00706E-05 1.00706E-05 1.00706E-05 1.00706E-05 1.00706E-05 1.00706E-05 1.00706E-05 
9.21219E+01 1.02438E-05 1.02438E-05 1.02438E-05 1.02438E-05 1.02438E-05 1.02438E-05 1.02438E-05 1.02438E-05 1.02438E-05 1.02438E-05 
9.73560E+01 1.04291E-05 1.04291E-05 1.04291E-05 1.04291E-05 1.04291E-05 1.04291E-05 1.04291E-05 1.04291E-05 1.04291E-05 1.04291E-05 
1.02888E+02 1.06262E-05 1.06262E-05 1.06262E-05 1.06262E-05 1.06262E-05 1.06262E-05 1.06262E-05 1.06262E-05 1.06262E-05 1.06262E-05 
1.08733E+02 1.08348E-05 1.08348E-05 1.08348E-05 1.08348E-05 1.08348E-05 1.08348E-05 1.08348E-05 1.08348E-05 1.08348E-05 1.08348E-05 
1.14911E+02 1.10550E-05 1.10550E-05 1.10550E-05 1.10550E-05 1.10550E-05 1.10550E-05 1.10550E-05 1.10550E-05 1.10550E-05 1.10550E-05 
1.21440E+02 1.12864E-05 1.12864E-05 1.12864E-05 1.12864E-05 1.12864E-05 1.12864E-05 1.12864E-05 1.12864E-05 1.12864E-05 1.12864E-05 
1.28340E+02 1.15292E-05 1.15292E-05 1.15292E-05 1.15292E-05 1.15292E-05 1.15292E-05 1.15292E-05 1.15292E-05 1.15292E-05 1.15292E-05 
1.35632E+02 1.17832E-05 1.17832E-05 1.17832E-05 1.17832E-05 1.17832E-05 1.17832E-05 1.17832E-05 1.17832E-05 1.17832E-05 1.17832E-05 
1.43338E+02 1.20483E-05 1.20483E-05 1.20483E-05 1.20483E-05 1.20483E-05 1.20483E-05 1.20483E-05 1.20483E-05 1.20483E-05 1.20483E-05 
1.51483E+02 1.23247E-05 1.23247E-05 1.23247E-05 1.23247E-05 1.23247E-05 1.23247E-05 1.23247E-05 1.23247E-05 1.23247E-05 1.23247E-05 
1.60089E+02 1.26122E-05 1.26122E-05 1.26122E-05 1.26122E-05 1.26122E-05 1.26122E-05 1.26122E-05 1.26122E-05 1.26122E-05 1.26122E-05 
1.69185E+02 1.29110E-05 1.29110E-05 1.29110E-05 1.29110E-05 1.29110E-05 1.29110E-05 1.29110E-05 1.29110E-05 1.29110E-05 1.29110E-05 
1.78798E+02 1.32212E-05 1.32212E-05 1.32212E-05 1.32212E-05 1.32212E-05 1.32212E-05 1.32212E-05 1.32212E-05 1.32212E-05 1.32212E-05 
1.88957E+02 1.35428E-05 1.35428E-05 1.35428E-05 1.35428E-05 1.35428E-05 1.35428E-05 1.35428E-05 1.35428E-05 1.35428E-05 1.35428E-05 
1.99693E+02 1.38759E-05 1.38759E-05 1.38759E-05 1.38759E-05 1.38759E-05 1.38759E-05 1.38759E-05 1.38759E-05 1.38759E-05 1.38759E-05 
2.11039E+02 1.42208E-05 1.42208E-05 1.42208E-05 1.42208E-05 1.42208E-05 1.42208E-05 1.42208E-05 1.42208E-05 1.42208E-05 1.42208E-05 
2.23030E+02 1.45796E-05 1.45796E-05 1.45796E-05 1.45796E-05 1.45796E-05 1.45796E-05 1.45796E-05 1.45796E-05 1.45796E-05 1.45796E-05 
2.35702E+02 1.49484E-05 1.49484E-05 1.49484E-05 1.49484E-05 1.49484E-05 1.49484E-05 1.49484E-05 1.49484E-05 1.49484E-05 1.49484E-05 
2.49094E+02 1.53295E-05 1.53295E-05 1.53295E-05 1.53295E-05 1.53295E-05 1.53295E-05 1.53295E-05 1.53295E-05 1.53295E-05 1.53295E-05 
2.63247E+02 1.57230E-05 1.57230E-05 1.57230E-05 1.57230E-05 1.57230E-05 1.57230E-05 1.57230E-05 1.57230E-05 1.57230E-05 1.57230E-05 
2.78204E+02 1.61292E-05 1.61292E-05 1.61292E-05 1.61292E-05 1.61292E-05 1.61292E-05 1.61292E-05 1.61292E-05 1.61292E-05 1.61292E-05 
2.94010E+02 1.65483E-05 1.65483E-05 1.65483E-05 1.65483E-05 1.65483E-05 1.65483E-05 1.65483E-05 1.65483E-05 1.65483E-05 1.65483E-05 
3.10715E+02 1.69807E-05 1.69807E-05 1.69807E-05 1.69807E-05 1.69807E-05 1.69807E-05 1.69807E-05 1.69807E-05 1.69807E-05 1.69807E-05 
3.28369E+02 1.74265E-05 1.74265E-05 1.74265E-05 1.74265E-05 1.74265E-05 1.74265E-05 1.74265E-05 1.74265E-05 1.74265E-05 1.74265E-05 
3.47027E+02 1.78861E-05 1.78861E-05 1.78861E-05 1.78861E-05 1.78861E-05 1.78861E-05 1.78861E-05 1.78861E-05 1.78861E-05 1.78861E-05 
3.66744E+02 1.83598E-05 1.83598E-05 1.83598E-05 1.83598E-05 1.83598E-05 1.83598E-05 1.83598E-05 1.83598E-05 1.83598E-05 1.83598E-05 
3.87581E+02 1.88479E-05 1.88479E-05 1.88479E-05 1.88479E-05 1.88479E-05 1.88479E-05 1.88479E-05 1.88479E-05 1.88479E-05 1.88479E-05 
4.09603E+02 1.93508E-05 1.93508E-05 1.93508E-05 1.93508E-05 1.93508E-05 1.93508E-05 1.93508E-05 1.93508E-05 1.93508E-05 1.93508E-05 
4.32875E+02 1.98687E-05 1.98687E-05 1.98687E-05 1.98687E-05 1.98687E-05 1.98687E-05 1.98687E-05 1.98687E-05 1.98687E-05 1.98687E-05 
4.57470E+02 2.04021E-05 2.04021E-05 2.04021E-05 2.04021E-05 2.04021E-05 2.04021E-05 2.04021E-05 2.04021E-05 2.04021E-05 2.04021E-05 
4.83462E+02 2.09514E-05 2.09514E-05 2.09514E-05 2.09514E-05 2.09514E-05 2.09514E-05 2.09514E-05 2.09514E-05 2.09514E-05 2.09514E-05 
5.10932E+02 2.15170E-05 2.15170E-05 2.15170E-05 2.15170E-05 2.15170E-05 2.15170E-05 2.15170E-05 2.15170E-05 2.15170E-05 2.15170E-05 
5.39961E+02 2.20991E-05 2.20991E-05 2.20991E-05 2.20991E-05 2.20991E-05 2.20991E-05 2.20991E-05 2.20991E-05 2.20991E-05 2.20991E-05 
5.70641E+02 2.26984E-05 2.26984E-05 2.26984E-05 2.26984E-05 2.26984E-05 2.26984E-05 2.26984E-05 2.26984E-05 2.26984E-05 2.26984E-05 
6.03063E+02 2.33152E-05 2.33152E-05 2.33152E-05 2.33152E-05 2.33152E-05 2.33152E-05 2.33152E-05 2.33152E-05 2.33152E-05 2.33152E-05 
6.37328E+02 2.39499E-05 2.39499E-05 2.39499E-05 2.39499E-05 2.39499E-05 2.39499E-05 2.39499E-05 2.39499E-05 2.39499E-05 2.39499E-05 
6.73539E+02 2.46031E-05 2.46031E-05 2.46031E-05 2.46031E-05 2.46031E-05 2.46031E-05 2.46031E-05 2.46031E-05 2.46031E-05 2.46031E-05 
7.11808E+02 2.52753E-05 2.52753E-05 2.52753E-05 2.52753E-05 2.52753E-05 2.52753E-05 2.52753E-05 2.52753E-05 2.52753E-05 2.52753E-05 
7.52251E+02 2.59669E-05 2.59669E-05 2.59669E-05 2.59669E-05 2.59669E-05 2.59669E-05 2.59669E-05 2.59669E-05 2.59669E-05 2.59669E-05 
7.94992E+02 2.66784E-05 2.66784E-05 2.66784E-05 2.66784E-05 2.66784E-05 2.66784E-05 2.66784E-05 2.66784E-05 2.66784E-05 2.66784E-05 
8.40161E+02 2.74104E-05 2.74104E-05 2.74104E-05 2.74104E-05 2.74104E-05 2.74104E-05 2.74104E-05 2.74104E-05 2.74104E-05 2.74104E-05 
8.87897E+02 2.81634E-05 2.81634E-05 2.81634E-05 2.81634E-05 2.81634E-05 2.81634E-05 2.81634E-05 2.81634E-05 2.81634E-05 2.81634E-05 
9.38345E+02 2.89380E-05 2.89380E-05 2.89380E-05 2.89380E-05 2.89380E-05 2.89380E-05 2.89380E-05 2.89380E-05 2.89380E-05 2.89380E-05 
9.91660E+02 2.97349E-05 2.97349E-05 2.97349E-05 2.97349E-05 2.97349E-05 2.97349E-05 2.97349E-05 2.97349E-05 2.97349E-05 2.97349E-05 
1.04800E+03 3.05544E-05 3.05544E-05 3.05544E-05 3.05544E-05 3.05544E-05 3.05544E-05 3.05544E-05 3.05544E-05 3.05544E-05 3.05544E-05 
1.10755E+03 3.13974E-05 3.13974E-05 3.13974E-05 3.13974E-05 3.13974E-05 3.13974E-05 3.13974E-05 3.13974E-05 3.13974E-05 3.13974E-05 
1.17048E+03 3.22645E-05 3.22645E-05 3.22645E-05 3.22645E-05 3.22645E-05 3.22645E-05 3.22645E-05 3.22645E-05 3.22645E-05 3.22645E-05 
1.23698E+03 3.31562E-05 3.31562E-05 3.31562E-05 3.31562E-05 3.31562E-05 3.31562E-05 3.31562E-05 3.31562E-05 3.31562E-05 3.31562E-05 
1.30726E+03 3.40733E-05 3.40733E-05 3.40733E-05 3.40733E-05 3.40733E-05 3.40733E-05 3.40733E-05 3.40733E-05 3.40733E-05 3.40733E-05 
1.38154E+03 3.50165E-05 3.50165E-05 3.50165E-05 3.50165E-05 3.50165E-05 3.50165E-05 3.50165E-05 3.50165E-05 3.50165E-05 3.50165E-05 
1.46003E+03 3.59865E-05 3.59865E-05 3.59865E-05 3.59865E-05 3.59865E-05 3.59865E-05 3.59865E-05 3.59865E-05 3.59865E-05 3.59865E-05 
1.54299E+03 3.69839E-05 3.69839E-05 3.69839E-05 3.69839E-05 3.69839E-05 3.69839E-05 3.69839E-05 3.69839E-05 3.69839E-05 3.69839E-05 
1.63066E+03 3.80097E-05 3.80097E-05 3.80097E-05 3.80097E-05 3.80097E-05 3.80097E-05 3.80097E-05 3.80097E-05 3.80097E-05 3.80097E-05 
1.72331E+03 3.90645E-05 3.90645E-05 3.90645E-05 3.90645E-05 3.90645E-05 3.90645E-05 3.90645E-05 3.90645E-05 3.90645E-05 3.90645E-05 
1.82122E+03 4.01492E-05 4.01492E-05 4.01492E-05 4.01492E-05 4.01492E-05 4.01492E-05 4.01492E-05 4.01492E-05 4.01492E-05 4.01492E-05 
1.92470E+03 4.12646E-05 4.12646E-05 4.12646E-05 4.12646E-05 4.12646E-05 4.12646E-05 4.12646E-05 4.12646E-05 4.12646E-05 4.12646E-05 
2.03405E+03 4.24162E-05 4.24162E-05 4.24162E-05 4.24162E-05 4.24162E-05 4.24162E-05 4.24162E-05 4.24162E-05 4.24162E-05 4.24162E-05 
2.14962E+03 4.35956E-05 4.35956E-05 4.35956E-05 4.35956E-05 4.35956E-05 4.35956E-05 4.35956E-05 4.35956E-05 4.35956E-05 4.35956E-05 
2.27176E+03 4.48084E-05 4.48084E-05 4.48084E-05 4.48084E-05 4.48084E-05 4.48084E-05 4.48084E-05 4.48084E-05 4.48084E-05 4.48084E-05 
2.40084E+03 4.60554E-05 4.60554E-05 4.60554E-05 4.60554E-05 4.60554E-05 4.60554E-05 4.60554E-05 4.60554E-05 4.60554E-05 4.60554E-05 
2.53725E+03 4.73376E-05 4.73376E-05 4.73376E-05 4.73376E-05 4.73376E-05 4.73376E-05 4.73376E-05 4.73376E-05 4.73376E-05 4.73376E-05 
2.68141E+03 4.86559E-05 4.86559E-05 4.86559E-05 4.86559E-05 4.86559E-05 4.86559E-05 4.86559E-05 4.86559E-05 4.86559E-05 4.86559E-05 
2.83376E+03 5.00114E-05 5.00114E-05 5.00114E-05 5.00114E-05 5.00114E-05 5.00114E-05 5.00114E-05 5.00114E-05 5.00114E-05 5.00114E-05 
2.99476E+03 5.14051E-05 5.14051E-05 5.14051E-05 5.14051E-05 5.14051E-05 5.14051E-05 5.14051E-05 5.14051E-05 5.14051E-05 5.14051E-05 
3.16492E+03 5.28381E-05 5.28381E-05 5.28381E-05 5.28381E-05 5.28381E-05 5.28381E-05 5.28381E-05 5.28381E-05 5.28381E-05 5.28381E-05 
3.34474E+03 5.43114E-05 5.43114E-05 5.43114E-05 5.43114E-05 5.43114E-05 5.43114E-05 5.43114E-05 5.43114E-05 5.43114E-05 5.43114E-05 
3.53478E+03 5.58262E-05 5.58262E-05 5.58262E-05 5.58262E-05 5.58262E-05 5.58262E-05 5.58262E-05 5.58262E-05 5.58262E-05 5.58262E-05 
3.73562E+03 5.73836E-05 5.73836E-05 5.73836E-05 5.73836E-05 5.73836E-05 5.73836E-05 5.73836E-05 5.73836E-05 5.73836E-05 5.73836E-05 
3.94787E+03 5.89849E-05 5.89849E-05 5.89849E-05 5.89849E-05 5.89849E-05 5.89849E-05 5.89849E-05 5.89849E-05 5.89849E-05 5.89849E-05 
4.17218E+03 6.06312E-05 6.06312E-05 6.06312E-05 6.06312E-05 6.06312E-05 6.06312E-05 6.06312E-05 6.06312E-05 6.06312E-05 6.06312E-05 
4.40923E+03 6.23238E-05 6.23238E-05 6.23238E-05 6.23238E-05 6.23238E-05 6.23238E-05 6.23238E-05 6.23238E-05 6.23238E-05 6.23238E-05 
4.65975E+03 6.40640E-05 6.40640E-05 6.40640E-05 6.40640E-05 6.40640E-05 6.40640E-05 6.40640E-05 6.40640E-05 6.40640E-05 6.40640E-05 
4.92451E+03 6.58532E-05 6.58532E-05 6.58532E-05 6.58532E-05 6.58532E-05 6.58532E-05 6.58532E-05 6.58532E-05 6.58532E-05 6.58532E-05 
5.20430E+03 6.76926E-05 6.76926E-05 6.76926E-05 6.76926E-05 6.76926E-05 6.76926E-05 6.76926E-05 6.76926E-05 6.76926E-05 6.76926E-05 
5.50000E+03 6.95837E-05 6.95837E-05 6.95837E-05 6.95837E-05 6.95837E-05 6.95837E-05 6.95837E-05 6.95837E-05 6.95837E-05 6.95837E-05 
5.81250E+03 7.15280E-05 7.15280E-05 7.15280E-05 7.15280E-05 7.15280E-05 7.15280E-05 7.15280E-05 7.15280E-05 7.15280E-05 7.15280E-05 
6.14275E+03 7.35268E-05 7.35268E-05 7.35268E-05 7.35268E-05 7.35268E-05 7.35268E-05 7.35268E-05 7.35268E-05 7.35268E-05 7.35268E-05 
6.49176E+03 7.55818E-05 7.55818E-05 7.55818E-05 7.55818E-05 7.55818E-05 7.55818E-05 7.55818E-05 7.55818E-05 7.55818E-05 7.55818E-05 
6.86061E+03 7.76945E-05 7.76945E-05 7.76945E-05 7.76945E-05 7.76945E-05 7.76945E-05 7.76945E-05 7.76945E-05 7.76945E-05 7.76945E-05 
7.25041E+03 7.98666E-05 7.98666E-05 7.98666E-05 7.98666E-05 7.98666E-05 7.98666E-05 7.98666E-05 7.98666E-05 7.98666E-05 7.98666E-05 
7.66236E+03 8.20996E-05 8.20996E-05 8.20996E-05 8.20996E-05 8.20996E-05 8.20996E-05 8.20996E-05 8.20996E-05 8.20996E-05 8.20996E-05 
8.09772E+03 8.43953E-05 8.43953E-05 8.43953E-05 8.43953E-05 8.43953E-05 8.43953E-05 8.43953E-05 8.43953E-05 8.43953E-05 8.43953E-05 
8.55781E+03 8.67555E-05 8.67555E-05 8.67555E-05 8.67555E-05 8.67555E-05 8.67555E-05 8.67555E-05 8.67555E-05 8.67555E-05 8.67555E-05 
9.04404E+03 8.91819E-05 8.91819E-05 8.91819E-05 8.91819E-05 8.91819E-05 8.91819E-05 8.91819E-05 8.91819E-05 8.91819E-05 8.91819E-05 
9.55790E+03 9.16764E-05 9.16764E-05 9.16764E-05 9.16764E-05 9.16764E-05 9.16764E-05 9.16764E-05 9.16764E-05 9.16764E-05 9.16764E-05 
