4.50000E+00 2.37880E-02 5.83433E+02 2.55860E+01 8.93380E+02 8.98927E+04 9.08051E+03 1.95888E+01 1.42625E+03 9.89941E+02 2.17420E+00 
4.60482E+00 1.56064E-02 5.20589E+02 1.64015E+01 5.46414E+02 5.76652E+04 5.97402E+03 1.30591E+01 9.18280E+02 5.58339E+02 1.41813E+00 
4.71208E+00 1.10273E-02 3.22606E+02 1.14319E+01 4.23701E+02 3.96164E+04 4.21943E+03 9.37933E+00 6.16236E+02 4.75733E+02 9.96529E-01 
4.82184E+00 8.20385E-03 2.37068E+02 8.43634E+00 3.18416E+02 2.88560E+04 3.15826E+03 7.09367E+00 4.64989E+02 3.22560E+02 7.37482E-01 
4.93415E+00 6.32581E-03 1.81109E+02 6.47154E+00 2.48776E+02 2.20072E+04 2.47198E+03 5.56179E+00 3.56209E+02 2.47058E+02 5.65831E-01 
5.04908E+00 5.00730E-03 1.41761E+02 5.10120E+00 1.99048E+02 1.71623E+04 1.98052E+03 4.47737E+00 2.79329E+02 1.93696E+02 4.45774E-01 
5.16669E+00 4.05275E-03 1.13508E+02 4.11364E+00 1.62918E+02 1.36912E+04 1.62285E+03 3.68543E+00 2.24032E+02 1.55320E+02 3.59094E-01 
5.28704E+00 3.34701E-03 9.28755E+01 3.38697E+00 1.36210E+02 1.11829E+04 1.36082E+03 3.09492E+00 1.83882E+02 1.27460E+02 2.95128E-01 
5.41019E+00 2.81474E-03 7.73310E+01 2.84123E+00 1.15747E+02 9.28031E+03 1.16046E+03 2.64588E+00 1.53495E+02 1.06373E+02 2.46944E-01 
5.53621E+00 2.40475E-03 6.50527E+01 2.42280E+00 9.98653E+01 7.82051E+03 1.00516E+03 2.29745E+00 1.30148E+02 9.01715E+01 2.09871E-01 
5.66516E+00 2.08208E-03 5.57686E+01 2.09460E+00 8.73769E+01 6.69184E+03 8.83856E+02 2.02134E+00 1.12031E+02 7.76011E+01 1.80733E-01 
5.79712E+00 1.82316E-03 4.82285E+01 1.83191E+00 7.72395E+01 5.78354E+03 7.85430E+02 1.79833E+00 9.74623E+01 6.74918E+01 1.57390E-01 
5.93216E+00 1.61208E-03 4.21199E+01 1.61819E+00 6.89022E+01 5.04430E+03 7.04542E+02 1.61538E+00 8.55902E+01 5.92539E+01 1.38391E-01 
6.07033E+00 1.43774E-03 3.70934E+01 1.44197E+00 6.20209E+01 4.44169E+03 6.37965E+02 1.46336E+00 7.58785E+01 5.25158E+01 1.22722E-01 
6.21173E+00 1.29215E-03 3.29000E+01 1.29503E+00 5.62101E+01 3.93963E+03 5.82028E+02 1.33568E+00 6.77778E+01 4.68815E+01 1.09655E-01 
6.35642E+00 1.16938E-03 2.93808E+01 1.17130E+00 5.12826E+01 3.51528E+03 5.34411E+02 1.22741E+00 6.09340E+01 4.21468E+01 9.86476E-02 
6.50448E+00 1.06485E-03 2.63913E+01 1.06609E+00 4.70698E+01 3.15719E+03 4.93913E+02 1.13476E+00 5.51432E+01 3.81290E+01 8.92861E-02 
6.65599E+00 9.75040E-04 2.38278E+01 9.75799E-01 4.34295E+01 2.85125E+03 4.59039E+02 1.05475E+00 5.01841E+01 3.46884E+01 8.12520E-02 
6.81103E+00 8.97226E-04 2.16153E+01 8.97659E-01 4.02407E+01 2.58548E+03 4.28552E+02 9.85111E-01 4.58791E+01 3.17012E+01 7.42996E-02 
6.96967E+00 8.29283E-04 1.96893E+01 8.29477E-01 3.74474E+01 2.35491E+03 4.01902E+02 9.24033E-01 4.21352E+01 2.91034E+01 6.82375E-02 
7.13202E+00 7.69566E-04 1.80021E+01 7.69594E-01 3.49833E+01 2.15379E+03 3.78462E+02 8.70119E-01 3.88579E+01 2.68296E+01 6.29165E-02 
7.29815E+00 7.16793E-04 1.65168E+01 7.16706E-01 3.27828E+01 1.97575E+03 3.57590E+02 8.22279E-01 3.59579E+01 2.48172E+01 5.82199E-02 
7.46814E+00 6.69943E-04 1.52010E+01 6.69780E-01 3.08183E+01 1.81827E+03 3.39012E+02 7.79639E-01 3.33885E+01 2.30342E+01 5.40543E-02 
7.64210E+00 6.28181E-04 1.40306E+01 6.27972E-01 2.90600E+01 1.67884E+03 3.22454E+02 7.41489E-01 3.11058E+01 2.14491E+01 5.03433E-02 
7.82010E+00 5.90816E-04 1.29856E+01 5.90586E-01 2.74696E+01 1.55384E+03 3.07551E+02 7.07236E-01 2.90606E+01 2.00304E+01 4.70240E-02 
8.00226E+00 5.57267E-04 1.20484E+01 5.57035E-01 2.60306E+01 1.44174E+03 2.94135E+02 6.76383E-01 2.72251E+01 1.87564E+01 4.40436E-02 
8.18865E+00 5.27036E-04 1.12047E+01 5.26821E-01 2.47269E+01 1.34123E+03 2.82056E+02 6.48497E-01 2.55748E+01 1.76108E+01 4.13572E-02 
8.37939E+00 4.99703E-04 1.04421E+01 4.99519E-01 2.35349E+01 1.25018E+03 2.71088E+02 6.23219E-01 2.40805E+01 1.65730E+01 3.89273E-02 
8.57457E+00 4.74907E-04 9.75092E+00 4.74761E-01 2.24443E+01 1.16761E+03 2.61120E+02 6.00234E-01 2.27246E+01 1.56320E+01 3.67217E-02 
8.77430E+00 4.52345E-04 9.12272E+00 4.52249E-01 2.14451E+01 1.09275E+03 2.52061E+02 5.79276E-01 2.14925E+01 1.47752E+01 3.47133E-02 
8.97868E+00 4.31745E-04 8.54908E+00 4.31703E-01 2.05228E+01 1.02429E+03 2.43767E+02 5.60103E-01 2.03658E+01 1.39927E+01 3.28779E-02 
9.18782E+00 4.12887E-04 8.02295E+00 4.12905E-01 1.96709E+01 9.61696E+02 2.36172E+02 5.42530E-01 1.93341E+01 1.32758E+01 3.11964E-02 
9.40183E+00 3.95577E-04 7.54264E+00 3.95658E-01 1.88826E+01 9.04346E+02 2.29211E+02 5.26379E-01 1.83876E+01 1.26174E+01 2.96513E-02 
9.62083E+00 3.79647E-04 7.10114E+00 3.79795E-01 1.81495E+01 8.51551E+02 2.22798E+02 5.11505E-01 1.75154E+01 1.20109E+01 2.82278E-02 
9.84493E+00 3.64957E-04 6.69324E+00 3.65172E-01 1.74666E+01 8.02877E+02 2.16885E+02 4.97780E-01 1.67102E+01 1.14509E+01 2.69134E-02 
1.00742E+01 3.51382E-04 6.31509E+00 3.51667E-01 1.68301E+01 7.57974E+02 2.11437E+02 4.85094E-01 1.59662E+01 1.09328E+01 2.56968E-02 
1.03089E+01 3.38818E-04 5.96616E+00 3.39174E-01 1.62344E+01 7.16406E+02 2.06399E+02 4.73354E-01 1.52764E+01 1.04525E+01 2.45687E-02 
1.05490E+01 3.27171E-04 5.64256E+00 3.27600E-01 1.56758E+01 6.77810E+02 2.01731E+02 4.62475E-01 1.46355E+01 1.00062E+01 2.35205E-02 
1.07947E+01 3.16360E-04 5.34191E+00 3.16863E-01 1.51522E+01 6.42042E+02 1.97420E+02 4.52384E-01 1.40402E+01 9.59100E+00 2.25449E-02 
1.10462E+01 3.06311E-04 5.06224E+00 3.06890E-01 1.46592E+01 6.08708E+02 1.93420E+02 4.43014E-01 1.34851E+01 9.20385E+00 2.16353E-02 
1.13035E+01 2.96954E-04 4.80161E+00 2.97611E-01 1.41949E+01 5.77665E+02 1.89709E+02 4.34304E-01 1.29671E+01 8.84255E+00 2.07857E-02 
1.15668E+01 2.88229E-04 4.55810E+00 2.88965E-01 1.37568E+01 5.48690E+02 1.86266E+02 4.26200E-01 1.24830E+01 8.50490E+00 1.99908E-02 
1.18362E+01 2.80084E-04 4.33078E+00 2.80900E-01 1.33428E+01 5.21613E+02 1.83069E+02 4.18652E-01 1.20306E+01 8.18804E+00 1.92458E-02 
1.21119E+01 2.72468E-04 4.11797E+00 2.73367E-01 1.29509E+01 4.96269E+02 1.80096E+02 4.11614E-01 1.16051E+01 7.89037E+00 1.85465E-02 
1.23940E+01 2.65335E-04 3.91835E+00 2.66317E-01 1.25781E+01 4.72509E+02 1.77330E+02 4.05047E-01 1.12055E+01 7.61048E+00 1.78891E-02 
1.26827E+01 2.58646E-04 3.73111E+00 2.59713E-01 1.22243E+01 4.50226E+02 1.74758E+02 3.98914E-01 1.08296E+01 7.34700E+00 1.72701E-02 
1.29781E+01 2.52365E-04 3.55521E+00 2.53517E-01 1.18904E+01 4.29293E+02 1.72363E+02 3.93182E-01 1.04764E+01 7.09899E+00 1.66864E-02 
1.32804E+01 2.46458E-04 3.38980E+00 2.47698E-01 1.15748E+01 4.09604E+02 1.70132E+02 3.87822E-01 1.01429E+01 6.86550E+00 1.61354E-02 
1.35898E+01 2.40898E-04 3.23409E+00 2.42226E-01 1.12722E+01 3.91073E+02 1.68056E+02 3.82807E-01 9.82895E+00 6.64378E+00 1.56145E-02 
1.39063E+01 2.35659E-04 3.08738E+00 2.37076E-01 1.09809E+01 3.73613E+02 1.66123E+02 3.78115E-01 9.53081E+00 6.43454E+00 1.51214E-02 
1.42302E+01 2.30716E-04 2.94903E+00 2.32225E-01 1.07021E+01 3.57149E+02 1.64324E+02 3.73724E-01 9.24835E+00 6.23540E+00 1.46543E-02 
1.45617E+01 2.26050E-04 2.81846E+00 2.27650E-01 1.04411E+01 3.41612E+02 1.62651E+02 3.69614E-01 8.98108E+00 6.04760E+00 1.42112E-02 
1.49009E+01 2.21639E-04 2.69514E+00 2.23333E-01 1.01894E+01 3.26936E+02 1.61097E+02 3.65769E-01 8.72928E+00 5.86891E+00 1.37906E-02 
1.52480E+01 2.17469E-04 2.57860E+00 2.19256E-01 9.94887E+00 3.13067E+02 1.59654E+02 3.62173E-01 8.48936E+00 5.69910E+00 1.33908E-02 
1.56032E+01 2.13522E-04 2.46845E+00 2.15405E-01 9.71904E+00 2.99955E+02 1.58318E+02 3.58815E-01 8.26157E+00 5.53841E+00 1.30107E-02 
1.59666E+01 2.09785E-04 2.36444E+00 2.11765E-01 9.49994E+00 2.87570E+02 1.57085E+02 3.55689E-01 8.04524E+00 5.38481E+00 1.26492E-02 
1.63385E+01 2.06247E-04 2.26633E+00 2.08324E-01 9.29169E+00 2.75885E+02 1.55954E+02 3.52791E-01 7.83979E+00 5.23823E+00 1.23054E-02 
1.67191E+01 2.02896E-04 2.17393E+00 2.05071E-01 9.09444E+00 2.64874E+02 1.54921E+02 3.50119E-01 7.64473E+00 5.09886E+00 1.19786E-02 
1.71085E+01 1.99723E-04 2.08702E+00 2.01997E-01 8.90829E+00 2.54512E+02 1.53986E+02 3.47675E-01 7.45956E+00 4.96676E+00 1.16681E-02 
1.75070E+01 1.96720E-04 2.00540E+00 1.99092E-01 8.73334E+00 2.44774E+02 1.53149E+02 3.45458E-01 7.28386E+00 4.84196E+00 1.13732E-02 
1.79148E+01 1.93878E-04 1.92884E+00 1.96348E-01 8.56963E+00 2.35634E+02 1.52410E+02 3.43471E-01 7.11726E+00 4.72303E+00 1.10933E-02 
1.83321E+01 1.91190E-04 1.85716E+00 1.93759E-01 8.41726E+00 2.27069E+02 1.51768E+02 3.41717E-01 6.95940E+00 4.61024E+00 1.08279E-02 
1.87591E+01 1.88651E-04 1.79022E+00 1.91317E-01 8.27655E+00 2.19061E+02 1.51227E+02 3.40204E-01 6.81001E+00 4.50346E+00 1.05768E-02 
1.91961E+01 1.86256E-04 1.72784E+00 1.89019E-01 8.14767E+00 2.11594E+02 1.50787E+02 3.38941E-01 6.66885E+00 4.40255E+00 1.03394E-02 
1.96432E+01 1.83999E-04 1.66979E+00 1.86857E-01 8.03053E+00 2.04640E+02 1.50451E+02 3.37930E-01 6.53564E+00 4.30730E+00 1.01154E-02 
2.01008E+01 1.81876E-04 1.61582E+00 1.84828E-01 7.92476E+00 1.98167E+02 1.50216E+02 3.37173E-01 6.41002E+00 4.21748E+00 9.90418E-03 
2.05690E+01 1.79880E-04 1.56564E+00 1.82924E-01 7.82989E+00 1.92144E+02 1.50084E+02 3.36668E-01 6.29166E+00 4.13284E+00 9.70516E-03 
2.10481E+01 1.78006E-04 1.51896E+00 1.81142E-01 7.74541E+00 1.86536E+02 1.50053E+02 3.36413E-01 6.18020E+00 4.05312E+00 9.51774E-03 
2.15384E+01 1.76251E-04 1.47555E+00 1.79477E-01 7.67091E+00 1.81317E+02 1.50121E+02 3.36406E-01 6.07533E+00 3.97811E+00 9.34140E-03 
2.20400E+01 1.74610E-04 1.43519E+00 1.77924E-01 7.60607E+00 1.76461E+02 1.50289E+02 3.36648E-01 5.97677E+00 3.90759E+00 9.17565E-03 
2.25534E+01 1.73078E-04 1.39768E+00 1.76480E-01 7.55058E+00 1.71946E+02 1.50556E+02 3.37139E-01 5.88426E+00 3.84138E+00 9.02004E-03 
2.30788E+01 1.71653E-04 1.36284E+00 1.75143E-01 7.50410E+00 1.67749E+02 1.50922E+02 3.37878E-01 5.79753E+00 3.77929E+00 8.87410E-03 
2.36163E+01 1.70331E-04 1.33048E+00 1.73903E-01 7.46629E+00 1.63847E+02 1.51386E+02 3.38864E-01 5.71630E+00 3.72110E+00 8.73739E-03 
2.41664E+01 1.69107E-04 1.30041E+00 1.72762E-01 7.43676E+00 1.60221E+02 1.51947E+02 3.40095E-01 5.64034E+00 3.66665E+00 8.60942E-03 
2.47293E+01 1.67978E-04 1.27246E+00 1.71715E-01 7.41513E+00 1.56849E+02 1.52603E+02 3.41568E-01 5.56936E+00 3.61572E+00 8.48976E-03 
2.53054E+01 1.66941E-04 1.24648E+00 1.70759E-01 7.39753E+00 1.53713E+02 1.53353E+02 3.43192E-01 5.50313E+00 3.56814E+00 8.37797E-03 
2.58948E+01 1.65992E-04 1.22233E+00 1.69890E-01 7.37451E+00 1.50797E+02 1.54197E+02 3.44556E-01 5.44142E+00 3.52375E+00 8.27367E-03 
2.64980E+01 1.65129E-04 1.19989E+00 1.69105E-01 7.35275E+00 1.48087E+02 1.55135E+02 3.45715E-01 5.38405E+00 3.48239E+00 8.17647E-03 
2.71152E+01 1.64349E-04 1.17906E+00 1.68403E-01 7.33730E+00 1.45571E+02 1.56165E+02 3.47075E-01 5.33082E+00 3.44394E+00 8.08622E-03 
2.77468E+01 1.63650E-04 1.15975E+00 1.67780E-01 7.32800E+00 1.43237E+02 1.57288E+02 3.48631E-01 5.28159E+00 3.40829E+00 8.00248E-03 
2.83931E+01 1.63030E-04 1.14187E+00 1.67235E-01 7.32471E+00 1.41077E+02 1.58505E+02 3.50385E-01 5.23620E+00 3.37533E+00 7.92507E-03 
2.90544E+01 1.62485E-04 1.12535E+00 1.66765E-01 7.32726E+00 1.39081E+02 1.59815E+02 3.52334E-01 5.19450E+00 3.34495E+00 7.85374E-03 
2.97312E+01 1.62015E-04 1.11011E+00 1.66369E-01 7.33548E+00 1.37240E+02 1.61219E+02 3.54478E-01 5.15636E+00 3.31705E+00 7.78821E-03 
3.04237E+01 1.61617E-04 1.09608E+00 1.66043E-01 7.34918E+00 1.35543E+02 1.62716E+02 3.56813E-01 5.12162E+00 3.29151E+00 7.72825E-03 
3.11324E+01 1.61289E-04 1.08317E+00 1.65787E-01 7.36815E+00 1.33984E+02 1.64306E+02 3.59336E-01 5.09013E+00 3.26822E+00 7.67359E-03 
3.18576E+01 1.61028E-04 1.07131E+00 1.65597E-01 7.39219E+00 1.32552E+02 1.65989E+02 3.62044E-01 5.06175E+00 3.24710E+00 7.62399E-03 
3.25996E+01 1.60832E-04 1.06045E+00 1.65472E-01 7.42108E+00 1.31241E+02 1.67763E+02 3.64934E-01 5.03634E+00 3.22802E+00 7.57920E-03 
3.33590E+01 1.60700E-04 1.05051E+00 1.65410E-01 7.45465E+00 1.30042E+02 1.69627E+02 3.68001E-01 5.01376E+00 3.21089E+00 7.53900E-03 
3.41360E+01 1.60629E-04 1.04145E+00 1.65409E-01 7.49272E+00 1.28948E+02 1.71583E+02 3.71243E-01 4.99390E+00 3.19563E+00 7.50317E-03 
3.49311E+01 1.60618E-04 1.03320E+00 1.65466E-01 7.53513E+00 1.27954E+02 1.73628E+02 3.74657E-01 4.97664E+00 3.18215E+00 7.47153E-03 
3.57448E+01 1.60664E-04 1.02572E+00 1.65582E-01 7.58176E+00 1.27054E+02 1.75764E+02 3.78241E-01 4.96188E+00 3.17037E+00 7.44390E-03 
3.65774E+01 1.60767E-04 1.01897E+00 1.65753E-01 7.63248E+00 1.26244E+02 1.77989E+02 3.81992E-01 4.94952E+00 3.16023E+00 7.42011E-03 
3.74294E+01 1.60924E-04 1.01292E+00 1.65979E-01 7.68720E+00 1.25518E+02 1.80304E+02 3.85909E-01 4.93948E+00 3.15167E+00 7.40002E-03 
3.83012E+01 1.61135E-04 1.00754E+00 1.66258E-01 7.74584E+00 1.24872E+02 1.82709E+02 3.89990E-01 4.93168E+00 3.14463E+00 7.38350E-03 
3.91934E+01 1.61399E-04 1.00278E+00 1.66590E-01 7.80833E+00 1.24304E+02 1.85205E+02 3.94234E-01 4.92604E+00 3.13905E+00 7.37043E-03 
4.01063E+01 1.61713E-04 9.98631E-01 1.66972E-01 7.87461E+00 1.23810E+02 1.87792E+02 3.98641E-01 4.92249E+00 3.13489E+00 7.36068E-03 
4.10405E+01 1.62078E-04 9.95063E-01 1.67405E-01 7.94465E+00 1.23387E+02 1.90469E+02 4.03209E-01 4.92098E+00 3.13211E+00 7.35417E-03 
4.19964E+01 1.62492E-04 9.92053E-01 1.67887E-01 8.01837E+00 1.23032E+02 1.93239E+02 4.07938E-01 4.92144E+00 3.13066E+00 7.35078E-03 
4.29747E+01 1.62953E-04 9.89581E-01 1.68416E-01 8.09576E+00 1.22743E+02 1.96100E+02 4.12828E-01 4.92382E+00 3.13050E+00 7.35042E-03 
4.39757E+01 1.63462E-04 9.87626E-01 1.68993E-01 8.17675E+00 1.22517E+02 1.99054E+02 4.17876E-01 4.92806E+00 3.13159E+00 7.35301E-03 
4.50000E+01 1.64017E-04 9.86169E-01 1.69616E-01 8.26132E+00 1.22351E+02 2.02101E+02 4.23083E-01 4.93411E+00 3.13390E+00 7.35845E-03 
4.60482E+01 1.64617E-04 9.85189E-01 1.70284E-01 8.34941E+00 1.22245E+02 2.05241E+02 4.28447E-01 4.94191E+00 3.13739E+00 7.36665E-03 
4.71208E+01 1.65262E-04 9.84667E-01 1.70997E-01 8.44093E+00 1.22194E+02 2.08474E+02 4.33967E-01 4.95140E+00 3.14201E+00 7.37753E-03 
4.82184E+01 1.65950E-04 9.84580E-01 1.71753E-01 8.53582E+00 1.22197E+02 2.11800E+02 4.39640E-01 4.96254E+00 3.14773E+00 7.39098E-03 
4.93415E+01 1.66679E-04 9.84907E-01 1.72552E-01 8.63398E+00 1.22250E+02 2.15219E+02 4.45463E-01 4.97526E+00 3.15450E+00 7.40690E-03 
5.04908E+01 1.67450E-04 9.85628E-01 1.73391E-01 8.73533E+00 1.22351E+02 2.18730E+02 4.51435E-01 4.98950E+00 3.16229E+00 7.42521E-03 
5.16669E+01 1.68261E-04 9.86724E-01 1.74272E-01 8.83976E+00 1.22499E+02 2.22334E+02 4.57552E-01 5.00522E+00 3.17106E+00 7.44581E-03 
5.28704E+01 1.69112E-04 9.88177E-01 1.75192E-01 8.94721E+00 1.22690E+02 2.26030E+02 4.63813E-01 5.02237E+00 3.18077E+00 7.46863E-03 
5.41019E+01 1.70001E-04 9.89972E-01 1.76151E-01 9.05760E+00 1.22924E+02 2.29817E+02 4.70215E-01 5.04090E+00 3.19140E+00 7.49359E-03 
5.53621E+01 1.70927E-04 9.92094E-01 1.77149E-01 9.17087E+00 1.23197E+02 2.33697E+02 4.76757E-01 5.06077E+00 3.20291E+00 7.52063E-03 
5.66516E+01 1.71891E-04 9.94530E-01 1.78184E-01 9.28696E+00 1.23510E+02 2.37668E+02 4.83438E-01 5.08196E+00 3.21528E+00 7.54969E-03 
5.79712E+01 1.72892E-04 9.97270E-01 1.79257E-01 9.40582E+00 1.23859E+02 2.41731E+02 4.90255E-01 5.10443E+00 3.22849E+00 7.58071E-03 
5.93216E+01 1.73929E-04 1.00030E+00 1.80366E-01 9.52740E+00 1.24245E+02 2.45887E+02 4.97207E-01 5.12814E+00 3.24251E+00 7.61364E-03 
6.07033E+01 1.75001E-04 1.00362E+00 1.81511E-01 9.65168E+00 1.24666E+02 2.50135E+02 5.04294E-01 5.15308E+00 3.25733E+00 7.64845E-03 
6.21173E+01 1.76109E-04 1.00721E+00 1.82693E-01 9.77861E+00 1.25121E+02 2.54476E+02 5.11515E-01 5.17922E+00 3.27293E+00 7.68510E-03 
6.35642E+01 1.77251E-04 1.01107E+00 1.83910E-01 9.90817E+00 1.25608E+02 2.58911E+02 5.18869E-01 5.20654E+00 3.28930E+00 7.72354E-03 
6.50448E+01 1.78428E-04 1.01519E+00 1.85162E-01 1.00404E+01 1.26129E+02 2.63439E+02 5.26356E-01 5.23502E+00 3.30643E+00 7.76376E-03 
6.65599E+01 1.79639E-04 1.01958E+00 1.86448E-01 1.01751E+01 1.26681E+02 2.68061E+02 5.33975E-01 5.26466E+00 3.32430E+00 7.80573E-03 
6.81103E+01 1.80884E-04 1.02421E+00 1.87770E-01 1.03125E+01 1.27265E+02 2.72778E+02 5.41727E-01 5.29543E+00 3.34290E+00 7.84943E-03 
6.96967E+01 1.82163E-04 1.02910E+00 1.89126E-01 1.04525E+01 1.27879E+02 2.77591E+02 5.49611E-01 5.32732E+00 3.36224E+00 7.89483E-03 
7.13202E+01 1.83475E-04 1.03423E+00 1.90517E-01 1.05951E+01 1.28524E+02 2.82499E+02 5.57627E-01 5.36032E+00 3.38229E+00 7.94192E-03 
7.29815E+01 1.84821E-04 1.03960E+00 1.91942E-01 1.07402E+01 1.29198E+02 2.87504E+02 5.65775E-01 5.39442E+00 3.40305E+00 7.99067E-03 
7.46814E+01 1.86200E-04 1.04521E+00 1.93400E-01 1.08879E+01 1.29902E+02 2.92606E+02 5.74054E-01 5.42962E+00 3.42451E+00 8.04107E-03 
7.64210E+01 1.87612E-04 1.05105E+00 1.94893E-01 1.10382E+01 1.30635E+02 2.97805E+02 5.82466E-01 5.46589E+00 3.44667E+00 8.09311E-03 
7.82010E+01 1.89058E-04 1.05713E+00 1.96419E-01 1.11910E+01 1.31397E+02 3.03102E+02 5.91009E-01 5.50323E+00 3.46952E+00 8.14677E-03 
8.00226E+01 1.90536E-04 1.06343E+00 1.97979E-01 1.13464E+01 1.32187E+02 3.08498E+02 5.99684E-01 5.54164E+00 3.49306E+00 8.20204E-03 
8.18865E+01 1.92046E-04 1.06996E+00 1.99573E-01 1.15043E+01 1.33005E+02 3.13992E+02 6.08490E-01 5.58110E+00 3.51727E+00 8.25890E-03 
8.37939E+01 1.93590E-04 1.07672E+00 2.01200E-01 1.16648E+01 1.33850E+02 3.19586E+02 6.17428E-01 5.62161E+00 3.54216E+00 8.31734E-03 
8.57457E+01 1.95165E-04 1.08370E+00 2.02860E-01 1.18278E+01 1.34723E+02 3.25280E+02 6.26498E-01 5.66316E+00 3.56771E+00 8.37735E-03 
8.77430E+01 1.96774E-04 1.09089E+00 2.04554E-01 1.19933E+01 1.35624E+02 3.31075E+02 6.35699E-01 5.70575E+00 3.59393E+00 8.43892E-03 
8.97868E+01 1.98415E-04 1.09830E+00 2.06281E-01 1.21614E+01 1.36551E+02 3.36970E+02 6.45032E-01 5.74936E+00 3.62082E+00 8.50205E-03 
9.18782E+01 2.00088E-04 1.10593E+00 2.08041E-01 1.23321E+01 1.37505E+02 3.42967E+02 6.54497E-01 5.79401E+00 3.64836E+00 8.56672E-03 
9.40183E+01 2.01794E-04 1.11378E+00 2.09835E-01 1.25053E+01 1.38485E+02 3.49066E+02 6.64095E-01 5.83968E+00 3.67655E+00 8.63293E-03 
9.62083E+01 2.03532E-04 1.12183E+00 2.11662E-01 1.26810E+01 1.39492E+02 3.55266E+02 6.73824E-01 5.88636E+00 3.70540E+00 8.70067E-03 
9.84493E+01 2.05302E-04 1.13010E+00 2.13522E-01 1.28593E+01 1.40525E+02 3.61570E+02 6.83685E-01 5.93407E+00 3.73490E+00 8.76994E-03 
1.00742E+02 2.07105E-04 1.13858E+00 2.15416E-01 1.30401E+01 1.41583E+02 3.67977E+02 6.93679E-01 5.98278E+00 3.76505E+00 8.84072E-03 
1.03089E+02 2.08940E-04 1.14726E+00 2.17343E-01 1.32234E+01 1.42668E+02 3.74487E+02 7.03806E-01 6.03251E+00 3.79584E+00 8.91303E-03 
1.05490E+02 2.10808E-04 1.15616E+00 2.19303E-01 1.34094E+01 1.43779E+02 3.81101E+02 7.14066E-01 6.08324E+00 3.82727E+00 8.98685E-03 
1.07947E+02 2.12709E-04 1.16526E+00 2.21297E-01 1.35978E+01 1.44915E+02 3.87820E+02 7.24459E-01 6.13498E+00 3.85935E+00 9.06217E-03 
1.10462E+02 2.14641E-04 1.17457E+00 2.23325E-01 1.37889E+01 1.46077E+02 3.94644E+02 7.34985E-01 6.18773E+00 3.89208E+00 9.13901E-03 
1.13035E+02 2.16607E-04 1.18408E+00 2.25386E-01 1.39825E+01 1.47264E+02 4.01572E+02 7.45646E-01 6.24148E+00 3.92544E+00 9.21735E-03 
1.15668E+02 2.18605E-04 1.19380E+00 2.27481E-01 1.41786E+01 1.48477E+02 4.08607E+02 7.56441E-01 6.29624E+00 3.95944E+00 9.29719E-03 
1.18362E+02 2.20636E-04 1.20372E+00 2.29609E-01 1.43774E+01 1.49715E+02 4.15748E+02 7.67370E-01 6.35201E+00 3.99409E+00 9.37855E-03 
1.21119E+02 2.22700E-04 1.21384E+00 2.31772E-01 1.45787E+01 1.50978E+02 4.22995E+02 7.78435E-01 6.40878E+00 4.02937E+00 9.46140E-03 
1.23940E+02 2.24798E-04 1.22417E+00 2.33969E-01 1.47826E+01 1.52267E+02 4.30349E+02 7.89635E-01 6.46656E+00 4.06530E+00 9.54576E-03 
1.26827E+02 2.26928E-04 1.23471E+00 2.36200E-01 1.49891E+01 1.53580E+02 4.37811E+02 8.00971E-01 6.52535E+00 4.10187E+00 9.63163E-03 
1.29781E+02 2.29091E-04 1.24544E+00 2.38465E-01 1.51982E+01 1.54919E+02 4.45380E+02 8.12443E-01 6.58514E+00 4.13908E+00 9.71901E-03 
1.32804E+02 2.31288E-04 1.25638E+00 2.40765E-01 1.54100E+01 1.56283E+02 4.53058E+02 8.24053E-01 6.64595E+00 4.17694E+00 9.80790E-03 
1.35898E+02 2.33519E-04 1.26752E+00 2.43100E-01 1.56243E+01 1.57673E+02 4.60844E+02 8.35801E-01 6.70778E+00 4.21544E+00 9.89830E-03 
1.39063E+02 2.35783E-04 1.27887E+00 2.45470E-01 1.58413E+01 1.59087E+02 4.68739E+02 8.47687E-01 6.77062E+00 4.25458E+00 9.99022E-03 
1.42302E+02 2.38082E-04 1.29042E+00 2.47874E-01 1.60610E+01 1.60527E+02 4.76743E+02 8.59711E-01 6.83448E+00 4.29438E+00 1.00837E-02 
1.45617E+02 2.40414E-04 1.30217E+00 2.50314E-01 1.62833E+01 1.61992E+02 4.84858E+02 8.71876E-01 6.89937E+00 4.33482E+00 1.01786E-02 
1.49009E+02 2.42781E-04 1.31413E+00 2.52790E-01 1.65082E+01 1.63483E+02 4.93083E+02 8.84181E-01 6.96528E+00 4.37592E+00 1.02751E-02 
1.52480E+02 2.45182E-04 1.32629E+00 2.55301E-01 1.67359E+01 1.64998E+02 5.01418E+02 8.96627E-01 7.03222E+00 4.41766E+00 1.03732E-02 
1.56032E+02 2.47618E-04 1.33865E+00 2.57848E-01 1.69663E+01 1.66539E+02 5.09865E+02 9.09215E-01 7.10020E+00 4.46007E+00 1.04727E-02 
1.59666E+02 2.50089E-04 1.35122E+00 2.60431E-01 1.71993E+01 1.68106E+02 5.18423E+02 9.21946E-01 7.16922E+00 4.50313E+00 1.05738E-02 
1.63385E+02 2.52595E-04 1.36400E+00 2.63051E-01 1.74351E+01 1.69698E+02 5.27093E+02 9.34821E-01 7.23928E+00 4.54686E+00 1.06765E-02 
1.67191E+02 2.55136E-04 1.37698E+00 2.65707E-01 1.76736E+01 1.71316E+02 5.35876E+02 9.47840E-01 7.31039E+00 4.59125E+00 1.07807E-02 
1.71085E+02 2.57713E-04 1.39017E+00 2.68400E-01 1.79149E+01 1.72959E+02 5.44772E+02 9.61004E-01 7.38255E+00 4.63630E+00 1.08865E-02 
1.75070E+02 2.60326E-04 1.40356E+00 2.71130E-01 1.81590E+01 1.74628E+02 5.53782E+02 9.74315E-01 7.45578E+00 4.68203E+00 1.09939E-02 
1.79148E+02 2.62975E-04 1.41717E+00 2.73898E-01 1.84058E+01 1.76323E+02 5.62905E+02 9.87774E-01 7.53007E+00 4.72843E+00 1.11029E-02 
1.83321E+02 2.65660E-04 1.43098E+00 2.76703E-01 1.86555E+01 1.78044E+02 5.72144E+02 1.00138E+00 7.60543E+00 4.77551E+00 1.12134E-02 
1.87591E+02 2.68382E-04 1.44500E+00 2.79547E-01 1.89079E+01 1.79791E+02 5.81497E+02 1.01514E+00 7.68187E+00 4.82327E+00 1.13256E-02 
1.91961E+02 2.71141E-04 1.45923E+00 2.82428E-01 1.91633E+01 1.81564E+02 5.90965E+02 1.02905E+00 7.75939E+00 4.87171E+00 1.14393E-02 
1.96432E+02 2.73937E-04 1.47368E+00 2.85349E-01 1.94214E+01 1.83364E+02 6.00550E+02 1.04310E+00 7.83801E+00 4.92085E+00 1.15547E-02 
2.01008E+02 2.76771E-04 1.48834E+00 2.88308E-01 1.96825E+01 1.85190E+02 6.10252E+02 1.05732E+00 7.91772E+00 4.97068E+00 1.16717E-02 
2.05690E+02 2.79642E-04 1.50321E+00 2.91307E-01 1.99465E+01 1.87042E+02 6.20071E+02 1.07168E+00 7.99854E+00 5.02120E+00 1.17903E-02 
2.10481E+02 2.82552E-04 1.51830E+00 2.94345E-01 2.02134E+01 1.88921E+02 6.30008E+02 1.08621E+00 8.08048E+00 5.07243E+00 1.19106E-02 
2.15384E+02 2.85500E-04 1.53360E+00 2.97423E-01 2.04833E+01 1.90828E+02 6.40063E+02 1.10089E+00 8.16354E+00 5.12437E+00 1.20326E-02 
2.20400E+02 2.88487E-04 1.54912E+00 3.00541E-01 2.07561E+01 1.92761E+02 6.50237E+02 1.11572E+00 8.24773E+00 5.17703E+00 1.21562E-02 
2.25534E+02 2.91513E-04 1.56486E+00 3.03701E-01 2.10319E+01 1.94721E+02 6.60532E+02 1.13072E+00 8.33305E+00 5.23040E+00 1.22815E-02 
2.30788E+02 2.94578E-04 1.58082E+00 3.06901E-01 2.13108E+01 1.96709E+02 6.70947E+02 1.14588E+00 8.41953E+00 5.28449E+00 1.24086E-02 
2.36163E+02 2.97683E-04 1.59701E+00 3.10142E-01 2.15927E+01 1.98724E+02 6.81483E+02 1.16120E+00 8.50717E+00 5.33931E+00 1.25373E-02 
2.41664E+02 3.00829E-04 1.61341E+00 3.13426E-01 2.18777E+01 2.00768E+02 6.92141E+02 1.17669E+00 8.59597E+00 5.39487E+00 1.26678E-02 
2.47293E+02 3.04015E-04 1.63004E+00 3.16751E-01 2.21659E+01 2.02839E+02 7.02922E+02 1.19234E+00 8.68595E+00 5.45117E+00 1.28000E-02 
2.53054E+02 3.07242E-04 1.64690E+00 3.20119E-01 2.24571E+01 2.04938E+02 7.13827E+02 1.20816E+00 8.77711E+00 5.50822E+00 1.29339E-02 
2.58948E+02 3.10511E-04 1.66399E+00 3.23530E-01 2.27515E+01 2.07066E+02 7.24855E+02 1.22415E+00 8.86947E+00 5.56602E+00 1.30697E-02 
2.64980E+02 3.13821E-04 1.68130E+00 3.26985E-01 2.30491E+01 2.09222E+02 7.36009E+02 1.24031E+00 8.96304E+00 5.62458E+00 1.32072E-02 
2.71152E+02 3.17173E-04 1.69885E+00 3.30483E-01 2.33500E+01 2.11408E+02 7.47289E+02 1.25664E+00 9.05783E+00 5.68391E+00 1.33465E-02 
2.77468E+02 3.20568E-04 1.71664E+00 3.34026E-01 2.36541E+01 2.13622E+02 7.58696E+02 1.27314E+00 9.15384E+00 5.74401E+00 1.34876E-02 
2.83931E+02 3.24006E-04 1.73466E+00 3.37613E-01 2.39615E+01 2.15866E+02 7.70231E+02 1.28982E+00 9.25110E+00 5.80490E+00 1.36306E-02 
2.90544E+02 3.27488E-04 1.75291E+00 3.41245E-01 2.42722E+01 2.18139E+02 7.81894E+02 1.30669E+00 9.34961E+00 5.86657E+00 1.37754E-02 
2.97312E+02 3.31013E-04 1.77141E+00 3.44923E-01 2.45863E+01 2.20442E+02 7.93687E+02 1.32373E+00 9.44938E+00 5.92903E+00 1.39221E-02 
3.04237E+02 3.34582E-04 1.79015E+00 3.48647E-01 2.49038E+01 2.22775E+02 8.05610E+02 1.34095E+00 9.55043E+00 5.99230E+00 1.40706E-02 
3.11324E+02 3.38196E-04 1.80913E+00 3.52418E-01 2.52247E+01 2.25139E+02 8.17665E+02 1.35835E+00 9.65276E+00 6.05637E+00 1.42211E-02 
3.18576E+02 3.41856E-04 1.82836E+00 3.56236E-01 2.55491E+01 2.27533E+02 8.29853E+02 1.37595E+00 9.75640E+00 6.12127E+00 1.43735E-02 
3.25996E+02 3.45561E-04 1.84784E+00 3.60101E-01 2.58770E+01 2.29958E+02 8.42174E+02 1.39373E+00 9.86135E+00 6.18699E+00 1.45278E-02 
3.33590E+02 3.49312E-04 1.86757E+00 3.64014E-01 2.62084E+01 2.32415E+02 8.54630E+02 1.41170E+00 9.96762E+00 6.25354E+00 1.46841E-02 
3.41360E+02 3.53109E-04 1.88755E+00 3.67975E-01 2.65434E+01 2.34902E+02 8.67222E+02 1.42986E+00 1.00752E+01 6.32093E+00 1.48423E-02 
3.49311E+02 3.56954E-04 1.90778E+00 3.71986E-01 2.68821E+01 2.37422E+02 8.79951E+02 1.44821E+00 1.01842E+01 6.38918E+00 1.50026E-02 
3.57448E+02 3.60846E-04 1.92828E+00 3.76046E-01 2.72244E+01 2.39974E+02 8.92818E+02 1.46677E+00 1.02945E+01 6.45828E+00 1.51648E-02 
3.65774E+02 3.64787E-04 1.94903E+00 3.80156E-01 2.75704E+01 2.42558E+02 9.05825E+02 1.48552E+00 1.04062E+01 6.52825E+00 1.53291E-02 
3.74294E+02 3.68776E-04 1.97005E+00 3.84317E-01 2.79201E+01 2.45175E+02 9.18971E+02 1.50447E+00 1.05193E+01 6.59909E+00 1.54955E-02 
3.83012E+02 3.72814E-04 1.99134E+00 3.88529E-01 2.82737E+01 2.47824E+02 9.32260E+02 1.52363E+00 1.06338E+01 6.67082E+00 1.56639E-02 
3.91934E+02 3.76901E-04 2.01289E+00 3.92793E-01 2.86310E+01 2.50507E+02 9.45692E+02 1.54299E+00 1.07498E+01 6.74344E+00 1.58344E-02 
4.01063E+02 3.81039E-04 2.03471E+00 3.97108E-01 2.89922E+01 2.53224E+02 9.59268E+02 1.56256E+00 1.08671E+01 6.81696E+00 1.60071E-02 
4.10405E+02 3.85227E-04 2.05681E+00 4.01477E-01 2.93574E+01 2.55975E+02 9.72989E+02 1.58234E+00 1.09860E+01 6.89140E+00 1.61819E-02 
4.19964E+02 3.89467E-04 2.07918E+00 4.05899E-01 2.97265E+01 2.58760E+02 9.86858E+02 1.60233E+00 1.11062E+01 6.96675E+00 1.63588E-02 
4.29747E+02 3.93759E-04 2.10183E+00 4.10374E-01 3.00996E+01 2.61580E+02 1.00088E+03 1.62254E+00 1.12280E+01 7.04304E+00 1.65379E-02 
4.39757E+02 3.98102E-04 2.12476E+00 4.14904E-01 3.04768E+01 2.64435E+02 1.01504E+03 1.64297E+00 1.13513E+01 7.12026E+00 1.67193E-02 
4.50000E+02 4.02499E-04 2.14798E+00 4.19490E-01 3.08580E+01 2.67326E+02 1.02936E+03 1.66361E+00 1.14761E+01 7.19844E+00 1.69029E-02 
4.60482E+02 4.06949E-04 2.17149E+00 4.24131E-01 3.12434E+01 2.70252E+02 1.04383E+03 1.68448E+00 1.16024E+01 7.27758E+00 1.70887E-02 
4.71208E+02 4.11453E-04 2.19528E+00 4.28828E-01 3.16330E+01 2.73214E+02 1.05846E+03 1.70558E+00 1.17302E+01 7.35769E+00 1.72768E-02 
4.82184E+02 4.16012E-04 2.21937E+00 4.33582E-01 3.20269E+01 2.76213E+02 1.07324E+03 1.72690E+00 1.18596E+01 7.43877E+00 1.74672E-02 
4.93415E+02 4.20626E-04 2.24376E+00 4.38394E-01 3.24250E+01 2.79249E+02 1.08817E+03 1.74846E+00 1.19906E+01 7.52085E+00 1.76599E-02 
5.04908E+02 4.25296E-04 2.26845E+00 4.43264E-01 3.28275E+01 2.82322E+02 1.10327E+03 1.77025E+00 1.21232E+01 7.60393E+00 1.78550E-02 
5.16669E+02 4.30022E-04 2.29343E+00 4.48193E-01 3.32344E+01 2.85433E+02 1.11853E+03 1.79227E+00 1.22574E+01 7.68803E+00 1.80525E-02 
5.28704E+02 4.34805E-04 2.31873E+00 4.53181E-01 3.36457E+01 2.88582E+02 1.13395E+03 1.81454E+00 1.23933E+01 7.77315E+00 1.82524E-02 
5.41019E+02 4.39646E-04 2.34433E+00 4.58229E-01 3.40616E+01 2.91769E+02 1.14953E+03 1.83704E+00 1.25307E+01 7.85930E+00 1.84547E-02 
5.53621E+02 4.44546E-04 2.37025E+00 4.63338E-01 3.44819E+01 2.94996E+02 1.16528E+03 1.85980E+00 1.26699E+01 7.94649E+00 1.86594E-02 
5.66516E+02 4.49504E-04 2.39648E+00 4.68509E-01 3.49069E+01 2.98261E+02 1.18119E+03 1.88280E+00 1.28107E+01 8.03475E+00 1.88667E-02 
5.79712E+02 4.54522E-04 2.42304E+00 4.73741E-01 3.53366E+01 3.01567E+02 1.19728E+03 1.90605E+00 1.29533E+01 8.12407E+00 1.90764E-02 
5.93216E+02 4.59600E-04 2.44991E+00 4.79037E-01 3.57709E+01 3.04912E+02 1.21353E+03 1.92955E+00 1.30975E+01 8.21447E+00 1.92887E-02 
6.07033E+02 4.64740E-04 2.47711E+00 4.84396E-01 3.62101E+01 3.08298E+02 1.22996E+03 1.95332E+00 1.32435E+01 8.30597E+00 1.95036E-02 
6.21173E+02 4.69940E-04 2.50465E+00 4.89819E-01 3.66540E+01 3.11726E+02 1.24656E+03 1.97734E+00 1.33913E+01 8.39857E+00 1.97210E-02 
6.35642E+02 4.75204E-04 2.53251E+00 4.95307E-01 3.71029E+01 3.15194E+02 1.26334E+03 2.00163E+00 1.35408E+01 8.49228E+00 1.99411E-02 
6.50448E+02 4.80530E-04 2.56071E+00 5.00861E-01 3.75567E+01 3.18705E+02 1.28030E+03 2.02618E+00 1.36921E+01 8.58713E+00 2.01638E-02 
6.65599E+02 4.85920E-04 2.58926E+00 5.06481E-01 3.80155E+01 3.22258E+02 1.29743E+03 2.05100E+00 1.38453E+01 8.68311E+00 2.03892E-02 
6.81103E+02 4.91374E-04 2.61814E+00 5.12168E-01 3.84793E+01 3.25854E+02 1.31475E+03 2.07610E+00 1.40003E+01 8.78025E+00 2.06173E-02 
6.96967E+02 4.96894E-04 2.64738E+00 5.17923E-01 3.89483E+01 3.29493E+02 1.33225E+03 2.10147E+00 1.41571E+01 8.87855E+00 2.08481E-02 
7.13202E+02 5.02479E-04 2.67697E+00 5.23747E-01 3.94225E+01 3.33176E+02 1.34994E+03 2.12712E+00 1.43159E+01 8.97803E+00 2.10817E-02 
7.29815E+02 5.08131E-04 2.70691E+00 5.29640E-01 3.99019E+01 3.36903E+02 1.36782E+03 2.15305E+00 1.44765E+01 9.07871E+00 2.13181E-02 
7.46814E+02 5.13850E-04 2.73721E+00 5.35604E-01 4.03866E+01 3.40676E+02 1.38589E+03 2.17927E+00 1.46390E+01 9.18059E+00 2.15573E-02 
7.64210E+02 5.19638E-04 2.76788E+00 5.41638E-01 4.08767E+01 3.44493E+02 1.40415E+03 2.20578E+00 1.48035E+01 9.28368E+00 2.17994E-02 
7.82010E+02 5.25494E-04 2.79891E+00 5.47745E-01 4.13722E+01 3.48356E+02 1.42260E+03 2.23259E+00 1.49700E+01 9.38801E+00 2.20444E-02 
8.00226E+02 5.31420E-04 2.83032E+00 5.53924E-01 4.18732E+01 3.52266E+02 1.44125E+03 2.25969E+00 1.51384E+01 9.49359E+00 2.22923E-02 
8.18865E+02 5.37417E-04 2.86210E+00 5.60176E-01 4.23798E+01 3.56222E+02 1.46010E+03 2.28709E+00 1.53089E+01 9.60043E+00 2.25432E-02 
8.37939E+02 5.43485E-04 2.89427E+00 5.66503E-01 4.28920E+01 3.60225E+02 1.47916E+03 2.31479E+00 1.54814E+01 9.70854E+00 2.27971E-02 
8.57457E+02 5.49624E-04 2.92681E+00 5.72904E-01 4.34100E+01 3.64277E+02 1.49841E+03 2.34280E+00 1.56559E+01 9.81794E+00 2.30540E-02 
8.77430E+02 5.55837E-04 2.95975E+00 5.79382E-01 4.39336E+01 3.68376E+02 1.51787E+03 2.37112E+00 1.58325E+01 9.92864E+00 2.33139E-02 
8.97868E+02 5.62123E-04 2.99308E+00 5.85936E-01 4.44632E+01 3.72525E+02 1.53754E+03 2.39976E+00 1.60112E+01 1.00407E+01 2.35769E-02 
9.18782E+02 5.68484E-04 3.02680E+00 5.92568E-01 4.49986E+01 3.76723E+02 1.55742E+03 2.42872E+00 1.61921E+01 1.01540E+01 2.38431E-02 
9.40183E+02 5.74920E-04 3.06093E+00 5.99279E-01 4.55400E+01 3.80971E+02 1.57752E+03 2.45799E+00 1.63751E+01 1.02687E+01 2.41124E-02 
9.62083E+02 5.81433E-04 3.09547E+00 6.06069E-01 4.60875E+01 3.85270E+02 1.59783E+03 2.48760E+00 1.65602E+01 1.03848E+01 2.43850E-02 
9.84493E+02 5.88022E-04 3.13041E+00 6.12939E-01 4.66410E+01 3.89620E+02 1.61835E+03 2.51753E+00 1.67476E+01 1.05022E+01 2.46607E-02 
1.00742E+03 5.94690E-04 3.16577E+00 6.19890E-01 4.72008E+01 3.94022E+02 1.63910E+03 2.54780E+00 1.69371E+01 1.06210E+01 2.49398E-02 
1.03089E+03 6.01436E-04 3.20155E+00 6.26924E-01 4.77668E+01 3.98475E+02 1.66007E+03 2.57841E+00 1.71290E+01 1.07413E+01 2.52221E-02 
1.05490E+03 6.08262E-04 3.23776E+00 6.34041E-01 4.83392E+01 4.02982E+02 1.68127E+03 2.60936E+00 1.73231E+01 1.08629E+01 2.55078E-02 
1.07947E+03 6.15168E-04 3.27440E+00 6.41242E-01 4.89180E+01 4.07542E+02 1.70270E+03 2.64065E+00 1.75194E+01 1.09860E+01 2.57969E-02 
1.10462E+03 6.22156E-04 3.31147E+00 6.48528E-01 4.95033E+01 4.12157E+02 1.72435E+03 2.67230E+00 1.77182E+01 1.11106E+01 2.60894E-02 
1.13035E+03 6.29227E-04 3.34897E+00 6.55899E-01 5.00951E+01 4.16826E+02 1.74624E+03 2.70430E+00 1.79192E+01 1.12366E+01 2.63853E-02 
1.15668E+03 6.36381E-04 3.38693E+00 6.63358E-01 5.06936E+01 4.21550E+02 1.76837E+03 2.73666E+00 1.81227E+01 1.13642E+01 2.66848E-02 
1.18362E+03 6.43619E-04 3.42533E+00 6.70905E-01 5.12988E+01 4.26330E+02 1.79074E+03 2.76938E+00 1.83285E+01 1.14932E+01 2.69878E-02 
1.21119E+03 6.50943E-04 3.46419E+00 6.78540E-01 5.19109E+01 4.31167E+02 1.81334E+03 2.80247E+00 1.85368E+01 1.16237E+01 2.72944E-02 
1.23940E+03 6.58353E-04 3.50351E+00 6.86266E-01 5.25298E+01 4.36061E+02 1.83620E+03 2.83593E+00 1.87475E+01 1.17558E+01 2.76045E-02 
