4.50000E+00 1.60391E-02 5.36111E+02 1.69108E+01 5.40758E+02 5.94604E+04 6.02475E+03 1.31463E+01 9.46291E+02 5.65297E+02 1.45883E+00 
4.60482E+00 1.12168E-02 3.54538E+02 1.16480E+01 4.55491E+02 4.04140E+04 4.20900E+03 9.34450E+00 6.19607E+02 4.90579E+02 1.01454E+00 
4.71208E+00 8.29708E-03 2.40242E+02 8.53407E+00 3.15756E+02 2.92762E+04 3.13276E+03 7.02595E+00 4.71272E+02 3.26930E+02 7.46394E-01 
4.82184E+00 6.39175E-03 1.83101E+02 6.53507E+00 2.46113E+02 2.22285E+04 2.44279E+03 5.50207E+00 3.59651E+02 2.49450E+02 5.71965E-01 
4.93415E+00 5.06964E-03 1.43563E+02 5.16319E+00 1.97288E+02 1.73750E+04 1.96196E+03 4.43691E+00 2.82715E+02 1.96046E+02 4.51364E-01 
5.04908E+00 4.10934E-03 1.15111E+02 4.17185E+00 1.61713E+02 1.38943E+04 1.61183E+03 3.65713E+00 2.27330E+02 1.57607E+02 3.64088E-01 
5.16669E+00 3.39269E-03 9.40648E+01 3.43459E+00 1.35083E+02 1.13318E+04 1.35000E+03 3.07038E+00 1.86365E+02 1.29180E+02 2.99149E-01 
5.28704E+00 2.84827E-03 7.84270E+01 2.87645E+00 1.14674E+02 9.39640E+03 1.15000E+03 2.62086E+00 1.55395E+02 1.07690E+02 2.49916E-01 
5.41019E+00 2.42786E-03 6.60792E+01 2.44699E+00 9.87710E+01 7.90675E+03 9.94477E+02 2.27099E+00 1.31540E+02 9.11371E+01 2.11949E-01 
5.53621E+00 2.09759E-03 5.62221E+01 2.11079E+00 8.62099E+01 6.74520E+03 8.71876E+02 1.99411E+00 1.12890E+02 7.81972E+01 1.82156E-01 
5.66516E+00 1.83336E-03 4.85635E+01 1.84262E+00 7.61115E+01 5.82310E+03 7.73755E+02 1.77106E+00 9.80756E+01 6.79180E+01 1.58351E-01 
5.79712E+00 1.61843E-03 4.23390E+01 1.62493E+00 6.78103E+01 5.07332E+03 6.93239E+02 1.58843E+00 8.60225E+01 5.95549E+01 1.39016E-01 
5.93216E+00 1.44112E-03 3.72287E+01 1.44568E+00 6.09270E+01 4.45777E+03 6.26451E+02 1.43683E+00 7.61034E+01 5.26729E+01 1.23092E-01 
6.07033E+00 1.29317E-03 3.29830E+01 1.29632E+00 5.51671E+01 3.94915E+03 5.70784E+02 1.30957E+00 6.78881E+01 4.69734E+01 1.09823E-01 
6.21173E+00 1.16850E-03 2.94104E+01 1.17063E+00 5.02642E+01 3.52037E+03 5.23489E+02 1.20172E+00 6.09609E+01 4.21621E+01 9.86559E-02 
6.35642E+00 1.06252E-03 2.63838E+01 1.06392E+00 4.60655E+01 3.15645E+03 4.83023E+02 1.10953E+00 5.50747E+01 3.80833E+01 8.91722E-02 
6.50448E+00 9.71641E-04 2.37968E+01 9.72517E-01 4.24552E+01 2.84705E+03 4.48358E+02 1.03007E+00 5.00571E+01 3.46022E+01 8.10482E-02 
6.65599E+00 8.93074E-04 2.15627E+01 8.93588E-01 3.93076E+01 2.57989E+03 4.18226E+02 9.61036E-01 4.57223E+01 3.15946E+01 7.40318E-02 
6.81103E+00 8.24615E-04 1.96243E+01 8.24879E-01 3.65420E+01 2.34726E+03 3.91801E+02 9.00608E-01 4.19447E+01 2.89735E+01 6.79255E-02 
6.96967E+00 7.64543E-04 1.79280E+01 7.64632E-01 3.41071E+01 2.14457E+03 3.68603E+02 8.47348E-01 3.86441E+01 2.66835E+01 6.25739E-02 
7.13202E+00 7.11504E-04 1.64353E+01 7.11473E-01 3.19432E+01 1.96627E+03 3.48052E+02 8.00126E-01 3.57356E+01 2.46654E+01 5.78549E-02 
7.29815E+00 6.64438E-04 1.51147E+01 6.64325E-01 3.00067E+01 1.80816E+03 3.29709E+02 7.58051E-01 3.31543E+01 2.28742E+01 5.36720E-02 
7.46814E+00 6.22493E-04 1.39410E+01 6.22329E-01 2.82716E+01 1.66790E+03 3.13335E+02 7.20410E-01 3.08596E+01 2.12818E+01 4.99474E-02 
7.64210E+00 5.84969E-04 1.28931E+01 5.84779E-01 2.67091E+01 1.54286E+03 2.98656E+02 6.86613E-01 2.88102E+01 1.98567E+01 4.66172E-02 
7.82010E+00 5.51283E-04 1.19542E+01 5.51087E-01 2.52935E+01 1.43062E+03 2.85420E+02 6.56171E-01 2.69695E+01 1.85820E+01 4.36284E-02 
8.00226E+00 5.20941E-04 1.11096E+01 5.20755E-01 2.40086E+01 1.32972E+03 2.73476E+02 6.28662E-01 2.53129E+01 1.74319E+01 4.09359E-02 
8.18865E+00 4.93523E-04 1.03480E+01 4.93361E-01 2.28389E+01 1.23876E+03 2.62672E+02 6.03734E-01 2.38173E+01 1.63936E+01 3.85022E-02 
8.37939E+00 4.68664E-04 9.65576E+00 4.68536E-01 2.17683E+01 1.15630E+03 2.52850E+02 5.81072E-01 2.24604E+01 1.54513E+01 3.62945E-02 
8.57457E+00 4.46059E-04 9.02804E+00 4.45974E-01 2.07855E+01 1.08132E+03 2.43901E+02 5.60422E-01 2.12261E+01 1.45943E+01 3.42859E-02 
8.77430E+00 4.25437E-04 8.45471E+00 4.25402E-01 1.98822E+01 1.01309E+03 2.35743E+02 5.41544E-01 2.01010E+01 1.38122E+01 3.24520E-02 
8.97868E+00 4.06572E-04 7.93227E+00 4.06593E-01 1.90476E+01 9.50684E+02 2.28268E+02 5.24245E-01 1.90709E+01 1.30963E+01 3.07729E-02 
9.18782E+00 3.89266E-04 7.45249E+00 3.89346E-01 1.82741E+01 8.93409E+02 2.21401E+02 5.08354E-01 1.81249E+01 1.24392E+01 2.92311E-02 
9.40183E+00 3.73351E-04 7.01153E+00 3.73493E-01 1.75574E+01 8.40895E+02 2.15102E+02 4.93724E-01 1.72558E+01 1.18344E+01 2.78117E-02 
9.62083E+00 3.58680E-04 6.60531E+00 3.58887E-01 1.68896E+01 7.92466E+02 2.09290E+02 4.80229E-01 1.64534E+01 1.12763E+01 2.65017E-02 
9.84493E+00 3.45127E-04 6.23025E+00 3.45401E-01 1.62662E+01 7.47721E+02 2.03920E+02 4.67756E-01 1.57112E+01 1.07602E+01 2.52899E-02 
1.00742E+01 3.32584E-04 5.88324E+00 3.32927E-01 1.56843E+01 7.06416E+02 1.98969E+02 4.56211E-01 1.50246E+01 1.02819E+01 2.41667E-02 
1.03089E+01 3.20958E-04 5.56166E+00 3.21370E-01 1.51388E+01 6.68089E+02 1.94381E+02 4.45511E-01 1.43869E+01 9.83771E+00 2.31234E-02 
1.05490E+01 3.10165E-04 5.26300E+00 3.10648E-01 1.46267E+01 6.32492E+02 1.90128E+02 4.35584E-01 1.37937E+01 9.42450E+00 2.21528E-02 
1.07947E+01 3.00134E-04 4.98542E+00 3.00689E-01 1.41459E+01 5.99432E+02 1.86193E+02 4.26363E-01 1.32417E+01 9.03946E+00 2.12481E-02 
1.10462E+01 2.90796E-04 4.72667E+00 2.91424E-01 1.36926E+01 5.68614E+02 1.82541E+02 4.17792E-01 1.27267E+01 8.68027E+00 2.04035E-02 
1.13035E+01 2.82091E-04 4.48519E+00 2.82794E-01 1.32651E+01 5.39865E+02 1.79148E+02 4.09816E-01 1.22452E+01 8.34461E+00 1.96136E-02 
1.15668E+01 2.73967E-04 4.25972E+00 2.74746E-01 1.28613E+01 5.13017E+02 1.75998E+02 4.02386E-01 1.17949E+01 8.02935E+00 1.88737E-02 
1.18362E+01 2.66373E-04 4.04881E+00 2.67230E-01 1.24803E+01 4.87901E+02 1.73070E+02 3.95461E-01 1.13733E+01 7.73420E+00 1.81796E-02 
1.21119E+01 2.59264E-04 3.85117E+00 2.60201E-01 1.21163E+01 4.64368E+02 1.70346E+02 3.88998E-01 1.09765E+01 7.45681E+00 1.75274E-02 
1.23940E+01 2.52600E-04 3.66581E+00 2.53617E-01 1.17716E+01 4.42301E+02 1.67811E+02 3.82963E-01 1.06035E+01 7.19552E+00 1.69136E-02 
1.26827E+01 2.46345E-04 3.49174E+00 2.47444E-01 1.14460E+01 4.21583E+02 1.65451E+02 3.77322E-01 1.02528E+01 6.94963E+00 1.63352E-02 
1.29781E+01 2.40466E-04 3.32812E+00 2.41649E-01 1.11377E+01 4.02108E+02 1.63254E+02 3.72047E-01 9.92264E+00 6.71795E+00 1.57894E-02 
1.32804E+01 2.34935E-04 3.17415E+00 2.36201E-01 1.08446E+01 3.83781E+02 1.61207E+02 3.67112E-01 9.61138E+00 6.49931E+00 1.52736E-02 
1.35898E+01 2.29723E-04 3.02915E+00 2.31075E-01 1.05637E+01 3.66524E+02 1.59301E+02 3.62493E-01 9.31697E+00 6.29155E+00 1.47857E-02 
1.39063E+01 2.24809E-04 2.89245E+00 2.26247E-01 1.02932E+01 3.50255E+02 1.57527E+02 3.58169E-01 9.03764E+00 6.09542E+00 1.43237E-02 
1.42302E+01 2.20170E-04 2.76349E+00 2.21696E-01 1.00347E+01 3.34906E+02 1.55876E+02 3.54121E-01 8.77293E+00 5.90867E+00 1.38856E-02 
1.45617E+01 2.15787E-04 2.64173E+00 2.17402E-01 9.79236E+00 3.20415E+02 1.54342E+02 3.50332E-01 8.52228E+00 5.73245E+00 1.34698E-02 
1.49009E+01 2.11643E-04 2.52669E+00 2.13348E-01 9.55858E+00 3.06723E+02 1.52917E+02 3.46787E-01 8.28604E+00 5.56467E+00 1.30748E-02 
1.52480E+01 2.07722E-04 2.41800E+00 2.09518E-01 9.33532E+00 2.93784E+02 1.51596E+02 3.43475E-01 8.06086E+00 5.40519E+00 1.26994E-02 
1.56032E+01 2.04010E-04 2.31539E+00 2.05899E-01 9.12250E+00 2.81565E+02 1.50375E+02 3.40388E-01 7.84707E+00 5.25355E+00 1.23424E-02 
1.59666E+01 2.00496E-04 2.21863E+00 2.02477E-01 8.92024E+00 2.70039E+02 1.49253E+02 3.37523E-01 7.64408E+00 5.10939E+00 1.20031E-02 
1.63385E+01 1.97168E-04 2.12754E+00 1.99243E-01 8.72872E+00 2.59183E+02 1.48227E+02 3.34880E-01 7.45140E+00 4.97254E+00 1.16806E-02 
1.67191E+01 1.94017E-04 2.04191E+00 1.96186E-01 8.54808E+00 2.48972E+02 1.47298E+02 3.32458E-01 7.26855E+00 4.84188E+00 1.13743E-02 
1.71085E+01 1.91034E-04 1.96152E+00 1.93297E-01 8.37836E+00 2.39379E+02 1.46463E+02 3.30257E-01 7.09509E+00 4.71814E+00 1.10834E-02 
1.75070E+01 1.88211E-04 1.88614E+00 1.90568E-01 8.21953E+00 2.30379E+02 1.45722E+02 3.28279E-01 6.93063E+00 4.60135E+00 1.08075E-02 
1.79148E+01 1.85541E-04 1.81554E+00 1.87991E-01 8.07153E+00 2.21942E+02 1.45076E+02 3.26524E-01 6.77478E+00 4.49014E+00 1.05458E-02 
1.83321E+01 1.83017E-04 1.74951E+00 1.85560E-01 7.93438E+00 2.14044E+02 1.44524E+02 3.24995E-01 6.62720E+00 4.38477E+00 1.02979E-02 
1.87591E+01 1.80634E-04 1.68789E+00 1.83269E-01 7.80825E+00 2.06668E+02 1.44068E+02 3.23699E-01 6.48764E+00 4.28533E+00 1.00635E-02 
1.91961E+01 1.78387E-04 1.63051E+00 1.81113E-01 7.69326E+00 1.99793E+02 1.43710E+02 3.22643E-01 6.35586E+00 4.19095E+00 9.84209E-03 
1.96432E+01 1.76271E-04 1.57715E+00 1.79087E-01 7.58924E+00 1.93394E+02 1.43451E+02 3.21829E-01 6.23157E+00 4.10216E+00 9.63330E-03 
2.01008E+01 1.74280E-04 1.52755E+00 1.77185E-01 7.49582E+00 1.87439E+02 1.43289E+02 3.21259E-01 6.11442E+00 4.01837E+00 9.43656E-03 
2.05690E+01 1.72411E-04 1.48143E+00 1.75403E-01 7.41253E+00 1.81900E+02 1.43225E+02 3.20928E-01 6.00411E+00 3.93967E+00 9.25128E-03 
2.10481E+01 1.70658E-04 1.43854E+00 1.73736E-01 7.33887E+00 1.76743E+02 1.43257E+02 3.20835E-01 5.90028E+00 3.86549E+00 9.07690E-03 
2.15384E+01 1.69016E-04 1.39865E+00 1.72179E-01 7.27444E+00 1.71943E+02 1.43383E+02 3.20979E-01 5.80264E+00 3.79571E+00 8.91289E-03 
2.20400E+01 1.67483E-04 1.36156E+00 1.70729E-01 7.21892E+00 1.67477E+02 1.43604E+02 3.21359E-01 5.71090E+00 3.73015E+00 8.75879E-03 
2.25534E+01 1.66053E-04 1.32708E+00 1.69381E-01 7.17203E+00 1.63323E+02 1.43919E+02 3.21974E-01 5.62484E+00 3.66862E+00 8.61419E-03 
2.30788E+01 1.64723E-04 1.29504E+00 1.68134E-01 7.13346E+00 1.59460E+02 1.44327E+02 3.22825E-01 5.54418E+00 3.61092E+00 8.47862E-03 
2.36163E+01 1.63491E-04 1.26527E+00 1.66979E-01 7.10287E+00 1.55869E+02 1.44828E+02 3.23909E-01 5.46868E+00 3.55689E+00 8.35166E-03 
2.41664E+01 1.62352E-04 1.23760E+00 1.65918E-01 7.07994E+00 1.52531E+02 1.45421E+02 3.25225E-01 5.39810E+00 3.50634E+00 8.23287E-03 
2.47293E+01 1.61302E-04 1.21188E+00 1.64945E-01 7.06431E+00 1.49425E+02 1.46104E+02 3.26770E-01 5.33218E+00 3.45907E+00 8.12183E-03 
2.53054E+01 1.60339E-04 1.18796E+00 1.64058E-01 7.05220E+00 1.46537E+02 1.46876E+02 3.28454E-01 5.27069E+00 3.41493E+00 8.01814E-03 
2.58948E+01 1.59460E-04 1.16572E+00 1.63254E-01 7.03474E+00 1.43850E+02 1.47737E+02 3.29884E-01 5.21345E+00 3.37377E+00 7.92143E-03 
2.64980E+01 1.58662E-04 1.14505E+00 1.62529E-01 7.01834E+00 1.41353E+02 1.48686E+02 3.31120E-01 5.16024E+00 3.33544E+00 7.83135E-03 
2.71152E+01 1.57942E-04 1.12586E+00 1.61882E-01 7.00775E+00 1.39033E+02 1.49723E+02 3.32545E-01 5.11092E+00 3.29982E+00 7.74775E-03 
2.77468E+01 1.57299E-04 1.10806E+00 1.61311E-01 7.00284E+00 1.36882E+02 1.50848E+02 3.34154E-01 5.06533E+00 3.26681E+00 7.67023E-03 
2.83931E+01 1.56729E-04 1.09158E+00 1.60813E-01 7.00348E+00 1.34891E+02 1.52061E+02 3.35949E-01 5.02334E+00 3.23632E+00 7.59862E-03 
2.90544E+01 1.56232E-04 1.07636E+00 1.60385E-01 7.00951E+00 1.33050E+02 1.53364E+02 3.37928E-01 4.98480E+00 3.20823E+00 7.53267E-03 
2.97312E+01 1.55805E-04 1.06231E+00 1.60028E-01 7.02080E+00 1.31353E+02 1.54754E+02 3.40090E-01 4.94959E+00 3.18245E+00 7.47215E-03 
3.04237E+01 1.55445E-04 1.04938E+00 1.59737E-01 7.03715E+00 1.29789E+02 1.56233E+02 3.42432E-01 4.91756E+00 3.15889E+00 7.41683E-03 
3.11324E+01 1.55152E-04 1.03748E+00 1.59511E-01 7.05840E+00 1.28352E+02 1.57800E+02 3.44951E-01 4.88858E+00 3.13743E+00 7.36646E-03 
3.18576E+01 1.54922E-04 1.02656E+00 1.59349E-01 7.08435E+00 1.27033E+02 1.59455E+02 3.47645E-01 4.86251E+00 3.11799E+00 7.32082E-03 
3.25996E+01 1.54755E-04 1.01656E+00 1.59248E-01 7.11483E+00 1.25825E+02 1.61196E+02 3.50510E-01 4.83922E+00 3.10047E+00 7.27969E-03 
3.33590E+01 1.54646E-04 1.00742E+00 1.59206E-01 7.14966E+00 1.24722E+02 1.63024E+02 3.53543E-01 4.81859E+00 3.08477E+00 7.24284E-03 
3.41360E+01 1.54596E-04 9.99079E-01 1.59222E-01 7.18869E+00 1.23717E+02 1.64938E+02 3.56740E-01 4.80051E+00 3.07082E+00 7.21011E-03 
3.49311E+01 1.54603E-04 9.91502E-01 1.59294E-01 7.23178E+00 1.22804E+02 1.66938E+02 3.60101E-01 4.78487E+00 3.05854E+00 7.18129E-03 
3.57448E+01 1.54664E-04 9.84643E-01 1.59420E-01 7.27881E+00 1.21978E+02 1.69023E+02 3.63621E-01 4.77158E+00 3.04786E+00 7.15623E-03 
3.65774E+01 1.54778E-04 9.78464E-01 1.59600E-01 7.32968E+00 1.21236E+02 1.71193E+02 3.67301E-01 4.76055E+00 3.03872E+00 7.13478E-03 
3.74294E+01 1.54944E-04 9.72933E-01 1.59831E-01 7.38430E+00 1.20572E+02 1.73450E+02 3.71137E-01 4.75170E+00 3.03106E+00 7.11681E-03 
3.83012E+01 1.55162E-04 9.68020E-01 1.60113E-01 7.44260E+00 1.19984E+02 1.75792E+02 3.75128E-01 4.74495E+00 3.02482E+00 7.10218E-03 
3.91934E+01 1.55428E-04 9.63696E-01 1.60444E-01 7.50451E+00 1.19468E+02 1.78220E+02 3.79275E-01 4.74024E+00 3.01997E+00 7.09080E-03 
4.01063E+01 1.55743E-04 9.59938E-01 1.60824E-01 7.56999E+00 1.19021E+02 1.80734E+02 3.83575E-01 4.73750E+00 3.01644E+00 7.08254E-03 
4.10405E+01 1.56106E-04 9.56723E-01 1.61251E-01 7.63900E+00 1.18640E+02 1.83336E+02 3.88029E-01 4.73668E+00 3.01421E+00 7.07733E-03 
4.19964E+01 1.56515E-04 9.54031E-01 1.61725E-01 7.71149E+00 1.18324E+02 1.86025E+02 3.92635E-01 4.73772E+00 3.01324E+00 7.07506E-03 
4.29747E+01 1.56969E-04 9.51842E-01 1.62244E-01 7.78741E+00 1.18068E+02 1.88802E+02 3.97393E-01 4.74057E+00 3.01348E+00 7.07564E-03 
4.39757E+01 1.57469E-04 9.50137E-01 1.62808E-01 7.86675E+00 1.17872E+02 1.91667E+02 4.02302E-01 4.74517E+00 3.01490E+00 7.07900E-03 
4.50000E+01 1.58012E-04 9.48900E-01 1.63416E-01 7.94946E+00 1.17733E+02 1.94621E+02 4.07362E-01 4.75148E+00 3.01747E+00 7.08505E-03 
4.60482E+01 1.58598E-04 9.48110E-01 1.64067E-01 8.03548E+00 1.17649E+02 1.97663E+02 4.12571E-01 4.75944E+00 3.02115E+00 7.09371E-03 
4.71208E+01 1.59226E-04 9.47749E-01 1.64760E-01 8.12476E+00 1.17617E+02 2.00795E+02 4.17928E-01 4.76901E+00 3.02590E+00 7.10489E-03 
4.82184E+01 1.59895E-04 9.47797E-01 1.65494E-01 8.21722E+00 1.17636E+02 2.04015E+02 4.23430E-01 4.78013E+00 3.03169E+00 7.11849E-03 
4.93415E+01 1.60604E-04 9.48236E-01 1.66269E-01 8.31278E+00 1.17702E+02 2.07324E+02 4.29075E-01 4.79274E+00 3.03847E+00 7.13444E-03 
5.04908E+01 1.61352E-04 9.49045E-01 1.67083E-01 8.41135E+00 1.17814E+02 2.10721E+02 4.34862E-01 4.80680E+00 3.04622E+00 7.15264E-03 
5.16669E+01 1.62139E-04 9.50207E-01 1.67936E-01 8.51285E+00 1.17969E+02 2.14207E+02 4.40787E-01 4.82226E+00 3.05489E+00 7.17302E-03 
5.28704E+01 1.62963E-04 9.51707E-01 1.68826E-01 8.61721E+00 1.18166E+02 2.17781E+02 4.46850E-01 4.83907E+00 3.06445E+00 7.19550E-03 
5.41019E+01 1.63823E-04 9.53529E-01 1.69754E-01 8.72438E+00 1.18402E+02 2.21442E+02 4.53047E-01 4.85720E+00 3.07489E+00 7.22001E-03 
5.53621E+01 1.64720E-04 9.55661E-01 1.70718E-01 8.83427E+00 1.18676E+02 2.25192E+02 4.59377E-01 4.87660E+00 3.08616E+00 7.24649E-03 
5.66516E+01 1.65652E-04 9.58090E-01 1.71718E-01 8.94685E+00 1.18987E+02 2.29030E+02 4.65840E-01 4.89725E+00 3.09825E+00 7.27488E-03 
5.79712E+01 1.66619E-04 9.60806E-01 1.72754E-01 9.06207E+00 1.19333E+02 2.32956E+02 4.72433E-01 4.91912E+00 3.11113E+00 7.30514E-03 
5.93216E+01 1.67620E-04 9.63800E-01 1.73825E-01 9.17988E+00 1.19713E+02 2.36970E+02 4.79155E-01 4.94217E+00 3.12479E+00 7.33722E-03 
6.07033E+01 1.68656E-04 9.67062E-01 1.74930E-01 9.30026E+00 1.20127E+02 2.41073E+02 4.86006E-01 4.96639E+00 3.13920E+00 7.37109E-03 
6.21173E+01 1.69725E-04 9.70586E-01 1.76069E-01 9.42317E+00 1.20573E+02 2.45265E+02 4.92984E-01 4.99174E+00 3.15437E+00 7.40669E-03 
6.35642E+01 1.70827E-04 9.74366E-01 1.77243E-01 9.54859E+00 1.21050E+02 2.49546E+02 5.00090E-01 5.01823E+00 3.17026E+00 7.44402E-03 
6.50448E+01 1.71962E-04 9.78396E-01 1.78450E-01 9.67651E+00 1.21558E+02 2.53918E+02 5.07323E-01 5.04582E+00 3.18687E+00 7.48303E-03 
6.65599E+01 1.73130E-04 9.82671E-01 1.79690E-01 9.80692E+00 1.22097E+02 2.58379E+02 5.14682E-01 5.07451E+00 3.20419E+00 7.52371E-03 
6.81103E+01 1.74330E-04 9.87187E-01 1.80964E-01 9.93981E+00 1.22665E+02 2.62932E+02 5.22168E-01 5.10428E+00 3.22221E+00 7.56603E-03 
6.96967E+01 1.75563E-04 9.91940E-01 1.82270E-01 1.00752E+01 1.23263E+02 2.67576E+02 5.29781E-01 5.13513E+00 3.24092E+00 7.60998E-03 
7.13202E+01 1.76828E-04 9.96926E-01 1.83610E-01 1.02130E+01 1.23889E+02 2.72312E+02 5.37519E-01 5.16703E+00 3.26032E+00 7.65554E-03 
7.29815E+01 1.78124E-04 1.00214E+00 1.84982E-01 1.03533E+01 1.24544E+02 2.77141E+02 5.45384E-01 5.19998E+00 3.28040E+00 7.70268E-03 
7.46814E+01 1.79453E-04 1.00758E+00 1.86387E-01 1.04960E+01 1.25227E+02 2.82062E+02 5.53375E-01 5.23397E+00 3.30114E+00 7.75141E-03 
7.64210E+01 1.80813E-04 1.01325E+00 1.87824E-01 1.06412E+01 1.25937E+02 2.87077E+02 5.61492E-01 5.26899E+00 3.32256E+00 7.80169E-03 
7.82010E+01 1.82205E-04 1.01914E+00 1.89293E-01 1.07888E+01 1.26675E+02 2.92186E+02 5.69735E-01 5.30503E+00 3.34462E+00 7.85351E-03 
8.00226E+01 1.83628E-04 1.02524E+00 1.90794E-01 1.09389E+01 1.27440E+02 2.97389E+02 5.78103E-01 5.34209E+00 3.36735E+00 7.90687E-03 
8.18865E+01 1.85082E-04 1.03156E+00 1.92328E-01 1.10914E+01 1.28231E+02 3.02687E+02 5.86598E-01 5.38016E+00 3.39072E+00 7.96175E-03 
8.37939E+01 1.86568E-04 1.03810E+00 1.93893E-01 1.12463E+01 1.29049E+02 3.08081E+02 5.95219E-01 5.41923E+00 3.41473E+00 8.01815E-03 
8.57457E+01 1.88084E-04 1.04484E+00 1.95491E-01 1.14037E+01 1.29893E+02 3.13571E+02 6.03965E-01 5.45929E+00 3.43939E+00 8.07604E-03 
8.77430E+01 1.89632E-04 1.05180E+00 1.97121E-01 1.15635E+01 1.30763E+02 3.19157E+02 6.12838E-01 5.50035E+00 3.46468E+00 8.13543E-03 
8.97868E+01 1.91211E-04 1.05896E+00 1.98782E-01 1.17258E+01 1.31659E+02 3.24839E+02 6.21837E-01 5.54239E+00 3.49060E+00 8.19630E-03 
9.18782E+01 1.92821E-04 1.06633E+00 2.00475E-01 1.18904E+01 1.32580E+02 3.30619E+02 6.30962E-01 5.58541E+00 3.51715E+00 8.25865E-03 
9.40183E+01 1.94462E-04 1.07390E+00 2.02201E-01 1.20575E+01 1.33527E+02 3.36497E+02 6.40213E-01 5.62941E+00 3.54433E+00 8.32247E-03 
9.62083E+01 1.96134E-04 1.08168E+00 2.03958E-01 1.22271E+01 1.34498E+02 3.42473E+02 6.49591E-01 5.67439E+00 3.57213E+00 8.38775E-03 
9.84493E+01 1.97837E-04 1.08966E+00 2.05747E-01 1.23990E+01 1.35495E+02 3.48547E+02 6.59096E-01 5.72034E+00 3.60055E+00 8.45450E-03 
1.00742E+02 1.99571E-04 1.09784E+00 2.07568E-01 1.25734E+01 1.36517E+02 3.54720E+02 6.68727E-01 5.76725E+00 3.62960E+00 8.52270E-03 
1.03089E+02 2.01337E-04 1.10622E+00 2.09421E-01 1.27503E+01 1.37563E+02 3.60993E+02 6.78486E-01 5.81514E+00 3.65926E+00 8.59235E-03 
1.05490E+02 2.03133E-04 1.11480E+00 2.11306E-01 1.29296E+01 1.38634E+02 3.67366E+02 6.88372E-01 5.86399E+00 3.68954E+00 8.66345E-03 
1.07947E+02 2.04961E-04 1.12357E+00 2.13223E-01 1.31113E+01 1.39730E+02 3.73838E+02 6.98386E-01 5.91381E+00 3.72043E+00 8.73600E-03 
1.10462E+02 2.06819E-04 1.13255E+00 2.15173E-01 1.32955E+01 1.40850E+02 3.80412E+02 7.08527E-01 5.96459E+00 3.75194E+00 8.80999E-03 
1.13035E+02 2.08710E-04 1.14172E+00 2.17154E-01 1.34821E+01 1.41994E+02 3.87086E+02 7.18797E-01 6.01633E+00 3.78407E+00 8.88542E-03 
1.15668E+02 2.10631E-04 1.15108E+00 2.19168E-01 1.36712E+01 1.43163E+02 3.93862E+02 7.29195E-01 6.06904E+00 3.81681E+00 8.96230E-03 
1.18362E+02 2.12584E-04 1.16064E+00 2.21215E-01 1.38628E+01 1.44356E+02 4.00740E+02 7.39723E-01 6.12271E+00 3.85016E+00 9.04062E-03 
1.21119E+02 2.14569E-04 1.17040E+00 2.23294E-01 1.40568E+01 1.45573E+02 4.07720E+02 7.50380E-01 6.17735E+00 3.88413E+00 9.12038E-03 
1.23940E+02 2.16585E-04 1.18035E+00 2.25406E-01 1.42533E+01 1.46814E+02 4.14803E+02 7.61167E-01 6.23296E+00 3.91871E+00 9.20159E-03 
1.26827E+02 2.18633E-04 1.19050E+00 2.27551E-01 1.44523E+01 1.48080E+02 4.21989E+02 7.72084E-01 6.28953E+00 3.95391E+00 9.28424E-03 
1.29781E+02 2.20713E-04 1.20084E+00 2.29728E-01 1.46539E+01 1.49370E+02 4.29278E+02 7.83133E-01 6.34707E+00 3.98972E+00 9.36834E-03 
1.32804E+02 2.22826E-04 1.21138E+00 2.31939E-01 1.48579E+01 1.50683E+02 4.36671E+02 7.94312E-01 6.40558E+00 4.02615E+00 9.45388E-03 
1.35898E+02 2.24970E-04 1.22211E+00 2.34184E-01 1.50644E+01 1.52021E+02 4.44168E+02 8.05624E-01 6.46506E+00 4.06321E+00 9.54088E-03 
1.39063E+02 2.27147E-04 1.23304E+00 2.36462E-01 1.52735E+01 1.53384E+02 4.51771E+02 8.17069E-01 6.52553E+00 4.10088E+00 9.62934E-03 
1.42302E+02 2.29357E-04 1.24416E+00 2.38773E-01 1.54851E+01 1.54770E+02 4.59478E+02 8.28647E-01 6.58697E+00 4.13917E+00 9.71926E-03 
1.45617E+02 2.31599E-04 1.25547E+00 2.41118E-01 1.56992E+01 1.56181E+02 4.67290E+02 8.40359E-01 6.64939E+00 4.17808E+00 9.81064E-03 
1.49009E+02 2.33874E-04 1.26699E+00 2.43498E-01 1.59159E+01 1.57616E+02 4.75209E+02 8.52205E-01 6.71280E+00 4.21763E+00 9.90349E-03 
1.52480E+02 2.36183E-04 1.27869E+00 2.45912E-01 1.61352E+01 1.59075E+02 4.83234E+02 8.64188E-01 6.77720E+00 4.25780E+00 9.99781E-03 
1.56032E+02 2.38524E-04 1.29060E+00 2.48360E-01 1.63571E+01 1.60559E+02 4.91366E+02 8.76306E-01 6.84259E+00 4.29859E+00 1.00936E-02 
1.59666E+02 2.40900E-04 1.30270E+00 2.50843E-01 1.65815E+01 1.62067E+02 4.99605E+02 8.88562E-01 6.90898E+00 4.34003E+00 1.01909E-02 
1.63385E+02 2.43309E-04 1.31500E+00 2.53361E-01 1.68086E+01 1.63600E+02 5.07952E+02 9.00955E-01 6.97638E+00 4.38209E+00 1.02897E-02 
1.67191E+02 2.45752E-04 1.32750E+00 2.55914E-01 1.70383E+01 1.65157E+02 5.16407E+02 9.13487E-01 7.04478E+00 4.42480E+00 1.03900E-02 
1.71085E+02 2.48229E-04 1.34019E+00 2.58503E-01 1.72707E+01 1.66739E+02 5.24970E+02 9.26159E-01 7.11420E+00 4.46815E+00 1.04917E-02 
1.75070E+02 2.50741E-04 1.35309E+00 2.61127E-01 1.75057E+01 1.68345E+02 5.33643E+02 9.38971E-01 7.18463E+00 4.51214E+00 1.05950E-02 
1.79148E+02 2.53287E-04 1.36618E+00 2.63787E-01 1.77434E+01 1.69977E+02 5.42425E+02 9.51926E-01 7.25609E+00 4.55677E+00 1.06999E-02 
1.83321E+02 2.55869E-04 1.37948E+00 2.66484E-01 1.79838E+01 1.71633E+02 5.51317E+02 9.65022E-01 7.32858E+00 4.60206E+00 1.08062E-02 
1.87591E+02 2.58485E-04 1.39297E+00 2.69217E-01 1.82269E+01 1.73315E+02 5.60319E+02 9.78263E-01 7.40210E+00 4.64801E+00 1.09141E-02 
1.91961E+02 2.61138E-04 1.40667E+00 2.71987E-01 1.84728E+01 1.75021E+02 5.69433E+02 9.91648E-01 7.47667E+00 4.69461E+00 1.10235E-02 
1.96432E+02 2.63826E-04 1.42058E+00 2.74794E-01 1.87214E+01 1.76753E+02 5.78659E+02 1.00518E+00 7.55229E+00 4.74188E+00 1.11345E-02 
2.01008E+02 2.66550E-04 1.43468E+00 2.77639E-01 1.89727E+01 1.78510E+02 5.87996E+02 1.01886E+00 7.62896E+00 4.78982E+00 1.12471E-02 
2.05690E+02 2.69310E-04 1.44900E+00 2.80521E-01 1.92269E+01 1.80293E+02 5.97446E+02 1.03268E+00 7.70670E+00 4.83842E+00 1.13612E-02 
2.10481E+02 2.72107E-04 1.46352E+00 2.83442E-01 1.94839E+01 1.82102E+02 6.07010E+02 1.04666E+00 7.78551E+00 4.88770E+00 1.14769E-02 
2.15384E+02 2.74942E-04 1.47825E+00 2.86401E-01 1.97437E+01 1.83936E+02 6.16688E+02 1.06079E+00 7.86540E+00 4.93767E+00 1.15943E-02 
2.20400E+02 2.77813E-04 1.49318E+00 2.89398E-01 2.00064E+01 1.85797E+02 6.26480E+02 1.07507E+00 7.94638E+00 4.98832E+00 1.17132E-02 
2.25534E+02 2.80722E-04 1.50833E+00 2.92435E-01 2.02720E+01 1.87683E+02 6.36387E+02 1.08950E+00 8.02846E+00 5.03966E+00 1.18338E-02 
2.30788E+02 2.83669E-04 1.52369E+00 2.95511E-01 2.05404E+01 1.89597E+02 6.46411E+02 1.10409E+00 8.11164E+00 5.09170E+00 1.19559E-02 
2.36163E+02 2.86655E-04 1.53927E+00 2.98627E-01 2.08118E+01 1.91536E+02 6.56551E+02 1.11883E+00 8.19593E+00 5.14444E+00 1.20798E-02 
2.41664E+02 2.89679E-04 1.55506E+00 3.01784E-01 2.10862E+01 1.93502E+02 6.66808E+02 1.13374E+00 8.28134E+00 5.19788E+00 1.22053E-02 
2.47293E+02 2.92742E-04 1.57106E+00 3.04980E-01 2.13636E+01 1.95496E+02 6.77183E+02 1.14880E+00 8.36789E+00 5.25204E+00 1.23325E-02 
2.53054E+02 2.95845E-04 1.58729E+00 3.08218E-01 2.16440E+01 1.97516E+02 6.87677E+02 1.16402E+00 8.45558E+00 5.30692E+00 1.24613E-02 
2.58948E+02 2.98987E-04 1.60373E+00 3.11497E-01 2.19274E+01 1.99564E+02 6.98291E+02 1.17941E+00 8.54442E+00 5.36253E+00 1.25919E-02 
2.64980E+02 3.02169E-04 1.62040E+00 3.14818E-01 2.22139E+01 2.01639E+02 7.09025E+02 1.19496E+00 8.63443E+00 5.41886E+00 1.27242E-02 
2.71152E+02 3.05393E-04 1.63729E+00 3.18181E-01 2.25035E+01 2.03742E+02 7.19880E+02 1.21067E+00 8.72560E+00 5.47594E+00 1.28582E-02 
2.77468E+02 3.08657E-04 1.65440E+00 3.21587E-01 2.27963E+01 2.05873E+02 7.30857E+02 1.22656E+00 8.81796E+00 5.53375E+00 1.29940E-02 
2.83931E+02 3.11962E-04 1.67174E+00 3.25036E-01 2.30922E+01 2.08032E+02 7.41957E+02 1.24261E+00 8.91151E+00 5.59232E+00 1.31315E-02 
2.90544E+02 3.15309E-04 1.68931E+00 3.28528E-01 2.33913E+01 2.10220E+02 7.53181E+02 1.25883E+00 9.00627E+00 5.65165E+00 1.32708E-02 
2.97312E+02 3.18698E-04 1.70711E+00 3.32064E-01 2.36937E+01 2.12437E+02 7.64529E+02 1.27523E+00 9.10224E+00 5.71174E+00 1.34119E-02 
3.04237E+02 3.22130E-04 1.72515E+00 3.35644E-01 2.39993E+01 2.14682E+02 7.76003E+02 1.29180E+00 9.19944E+00 5.77261E+00 1.35549E-02 
3.11324E+02 3.25605E-04 1.74342E+00 3.39269E-01 2.43082E+01 2.16957E+02 7.87604E+02 1.30855E+00 9.29788E+00 5.83425E+00 1.36996E-02 
3.18576E+02 3.29124E-04 1.76192E+00 3.42940E-01 2.46205E+01 2.19261E+02 7.99332E+02 1.32548E+00 9.39758E+00 5.89668E+00 1.38462E-02 
3.25996E+02 3.32686E-04 1.78067E+00 3.46656E-01 2.49361E+01 2.21595E+02 8.11189E+02 1.34259E+00 9.49853E+00 5.95991E+00 1.39947E-02 
3.33590E+02 3.36293E-04 1.79966E+00 3.50418E-01 2.52551E+01 2.23959E+02 8.23176E+02 1.35988E+00 9.60076E+00 6.02393E+00 1.41450E-02 
3.41360E+02 3.39944E-04 1.81889E+00 3.54227E-01 2.55776E+01 2.26353E+02 8.35293E+02 1.37736E+00 9.70428E+00 6.08877E+00 1.42973E-02 
3.49311E+02 3.43641E-04 1.83837E+00 3.58083E-01 2.59036E+01 2.28778E+02 8.47542E+02 1.39502E+00 9.80910E+00 6.15443E+00 1.44514E-02 
3.57448E+02 3.47384E-04 1.85809E+00 3.61987E-01 2.62331E+01 2.31234E+02 8.59924E+02 1.41288E+00 9.91524E+00 6.22091E+00 1.46076E-02 
3.65774E+02 3.51173E-04 1.87807E+00 3.65938E-01 2.65662E+01 2.33721E+02 8.72440E+02 1.43092E+00 1.00227E+01 6.28822E+00 1.47656E-02 
3.74294E+02 3.55008E-04 1.89830E+00 3.69939E-01 2.69029E+01 2.36240E+02 8.85091E+02 1.44916E+00 1.01315E+01 6.35638E+00 1.49257E-02 
3.83012E+02 3.58891E-04 1.91878E+00 3.73989E-01 2.72432E+01 2.38790E+02 8.97878E+02 1.46759E+00 1.02417E+01 6.42539E+00 1.50877E-02 
3.91934E+02 3.62822E-04 1.93953E+00 3.78088E-01 2.75872E+01 2.41372E+02 9.10803E+02 1.48622E+00 1.03532E+01 6.49526E+00 1.52518E-02 
4.01063E+02 3.66801E-04 1.96053E+00 3.82238E-01 2.79349E+01 2.43987E+02 9.23867E+02 1.50505E+00 1.04661E+01 6.56600E+00 1.54179E-02 
4.10405E+02 3.70828E-04 1.98180E+00 3.86438E-01 2.82864E+01 2.46635E+02 9.37071E+02 1.52409E+00 1.05804E+01 6.63762E+00 1.55861E-02 
4.19964E+02 3.74905E-04 2.00333E+00 3.90690E-01 2.86417E+01 2.49316E+02 9.50417E+02 1.54333E+00 1.06961E+01 6.71012E+00 1.57563E-02 
4.29747E+02 3.79032E-04 2.02513E+00 3.94993E-01 2.90009E+01 2.52030E+02 9.63905E+02 1.56277E+00 1.08133E+01 6.78352E+00 1.59287E-02 
4.39757E+02 3.83209E-04 2.04721E+00 3.99349E-01 2.93640E+01 2.54778E+02 9.77538E+02 1.58243E+00 1.09319E+01 6.85782E+00 1.61032E-02 
4.50000E+02 3.87437E-04 2.06955E+00 4.03758E-01 2.97310E+01 2.57560E+02 9.91316E+02 1.60230E+00 1.10519E+01 6.93304E+00 1.62798E-02 
4.60482E+02 3.91717E-04 2.09218E+00 4.08221E-01 3.01020E+01 2.60376E+02 1.00524E+03 1.62238E+00 1.11734E+01 7.00918E+00 1.64586E-02 
4.71208E+02 3.96048E-04 2.11508E+00 4.12738E-01 3.04770E+01 2.63227E+02 1.01931E+03 1.64268E+00 1.12964E+01 7.08626E+00 1.66396E-02 
4.82184E+02 4.00432E-04 2.13827E+00 4.17309E-01 3.08562E+01 2.66114E+02 1.03354E+03 1.66320E+00 1.14210E+01 7.16428E+00 1.68228E-02 
4.93415E+02 4.04869E-04 2.16174E+00 4.21936E-01 3.12394E+01 2.69036E+02 1.04791E+03 1.68395E+00 1.15470E+01 7.24326E+00 1.70083E-02 
5.04908E+02 4.09360E-04 2.18551E+00 4.26619E-01 3.16269E+01 2.71994E+02 1.06244E+03 1.70491E+00 1.16746E+01 7.32320E+00 1.71960E-02 
5.16669E+02 4.13905E-04 2.20956E+00 4.31359E-01 3.20186E+01 2.74988E+02 1.07712E+03 1.72611E+00 1.18037E+01 7.40412E+00 1.73860E-02 
5.28704E+02 4.18505E-04 2.23391E+00 4.36155E-01 3.24146E+01 2.78019E+02 1.09196E+03 1.74754E+00 1.19344E+01 7.48602E+00 1.75783E-02 
5.41019E+02 4.23161E-04 2.25855E+00 4.41010E-01 3.28148E+01 2.81087E+02 1.10695E+03 1.76920E+00 1.20666E+01 7.56891E+00 1.77730E-02 
5.53621E+02 4.27873E-04 2.28350E+00 4.45923E-01 3.32195E+01 2.84193E+02 1.12211E+03 1.79109E+00 1.22005E+01 7.65282E+00 1.79700E-02 
5.66516E+02 4.32641E-04 2.30875E+00 4.50895E-01 3.36286E+01 2.87336E+02 1.13742E+03 1.81323E+00 1.23360E+01 7.73774E+00 1.81694E-02 
5.79712E+02 4.37467E-04 2.33431E+00 4.55927E-01 3.40423E+01 2.90518E+02 1.15290E+03 1.83560E+00 1.24732E+01 7.82369E+00 1.83712E-02 
5.93216E+02 4.42351E-04 2.36018E+00 4.61019E-01 3.44604E+01 2.93738E+02 1.16854E+03 1.85822E+00 1.26120E+01 7.91068E+00 1.85755E-02 
6.07033E+02 4.47294E-04 2.38637E+00 4.66173E-01 3.48831E+01 2.96998E+02 1.18435E+03 1.88109E+00 1.27524E+01 7.99872E+00 1.87823E-02 
6.21173E+02 4.52296E-04 2.41287E+00 4.71388E-01 3.53105E+01 3.00297E+02 1.20033E+03 1.90421E+00 1.28946E+01 8.08783E+00 1.89915E-02 
6.35642E+02 4.57358E-04 2.43969E+00 4.76666E-01 3.57426E+01 3.03636E+02 1.21647E+03 1.92758E+00 1.30385E+01 8.17801E+00 1.92033E-02 
6.50448E+02 4.62480E-04 2.46684E+00 4.82007E-01 3.61795E+01 3.07015E+02 1.23279E+03 1.95121E+00 1.31841E+01 8.26927E+00 1.94176E-02 
6.65599E+02 4.67664E-04 2.49432E+00 4.87412E-01 3.66212E+01 3.10435E+02 1.24928E+03 1.97510E+00 1.33315E+01 8.36164E+00 1.96345E-02 
6.81103E+02 4.72910E-04 2.52213E+00 4.92881E-01 3.70677E+01 3.13897E+02 1.26595E+03 1.99925E+00 1.34806E+01 8.45511E+00 1.98540E-02 
6.96967E+02 4.78219E-04 2.55027E+00 4.98416E-01 3.75192E+01 3.17400E+02 1.28279E+03 2.02367E+00 1.36315E+01 8.54971E+00 2.00761E-02 
7.13202E+02 4.83591E-04 2.57875E+00 5.04017E-01 3.79757E+01 3.20945E+02 1.29981E+03 2.04835E+00 1.37843E+01 8.64544E+00 2.03009E-02 
7.29815E+02 4.89027E-04 2.60758E+00 5.09685E-01 3.84372E+01 3.24534E+02 1.31702E+03 2.07331E+00 1.39388E+01 8.74232E+00 2.05284E-02 
7.46814E+02 4.94528E-04 2.63675E+00 5.15420E-01 3.89039E+01 3.28165E+02 1.33440E+03 2.09855E+00 1.40952E+01 8.84036E+00 2.07586E-02 
7.64210E+02 5.00094E-04 2.66627E+00 5.21223E-01 3.93757E+01 3.31840E+02 1.35198E+03 2.12406E+00 1.42535E+01 8.93958E+00 2.09916E-02 
7.82010E+02 5.05727E-04 2.69615E+00 5.27096E-01 3.98527E+01 3.35558E+02 1.36974E+03 2.14985E+00 1.44137E+01 9.03998E+00 2.12274E-02 
8.00226E+02 5.11427E-04 2.72638E+00 5.33039E-01 4.03351E+01 3.39322E+02 1.38769E+03 2.17593E+00 1.45758E+01 9.14158E+00 2.14659E-02 
8.18865E+02 5.17194E-04 2.75698E+00 5.39052E-01 4.08228E+01 3.43131E+02 1.40583E+03 2.20230E+00 1.47398E+01 9.24439E+00 2.17074E-02 
8.37939E+02 5.23030E-04 2.78794E+00 5.45136E-01 4.13159E+01 3.46985E+02 1.42416E+03 2.22897E+00 1.49058E+01 9.34843E+00 2.19517E-02 
8.57457E+02 5.28936E-04 2.81928E+00 5.51293E-01 4.18145E+01 3.50885E+02 1.44269E+03 2.25592E+00 1.50737E+01 9.45371E+00 2.21989E-02 
8.77430E+02 5.34911E-04 2.85098E+00 5.57523E-01 4.23187E+01 3.54832E+02 1.46142E+03 2.28318E+00 1.52437E+01 9.56025E+00 2.24491E-02 
8.97868E+02 5.40958E-04 2.88307E+00 5.63827E-01 4.28285E+01 3.58826E+02 1.48035E+03 2.31074E+00 1.54156E+01 9.66805E+00 2.27022E-02 
9.18782E+02 5.47076E-04 2.91554E+00 5.70205E-01 4.33440E+01 3.62867E+02 1.49948E+03 2.33861E+00 1.55897E+01 9.77714E+00 2.29584E-02 
9.40183E+02 5.53267E-04 2.94840E+00 5.76659E-01 4.38652E+01 3.66957E+02 1.51882E+03 2.36679E+00 1.57657E+01 9.88752E+00 2.32176E-02 
9.62083E+02 5.59531E-04 2.98164E+00 5.83190E-01 4.43923E+01 3.71095E+02 1.53836E+03 2.39528E+00 1.59439E+01 9.99922E+00 2.34799E-02 
9.84493E+02 5.65869E-04 3.01529E+00 5.89798E-01 4.49252E+01 3.75283E+02 1.55812E+03 2.42409E+00 1.61242E+01 1.01122E+01 2.37453E-02 
1.00742E+03 5.72282E-04 3.04933E+00 5.96484E-01 4.54642E+01 3.79520E+02 1.57808E+03 2.45322E+00 1.63066E+01 1.02266E+01 2.40138E-02 
1.03089E+03 5.78771E-04 3.08378E+00 6.03249E-01 4.60091E+01 3.83808E+02 1.59827E+03 2.48268E+00 1.64912E+01 1.03423E+01 2.42855E-02 
1.05490E+03 5.85337E-04 3.11864E+00 6.10094E-01 4.65602E+01 3.88147E+02 1.61867E+03 2.51247E+00 1.66780E+01 1.04594E+01 2.45605E-02 
1.07947E+03 5.91981E-04 3.15391E+00 6.17019E-01 4.71174E+01 3.92537E+02 1.63928E+03 2.54259E+00 1.68670E+01 1.05779E+01 2.48387E-02 
1.10462E+03 5.98702E-04 3.18960E+00 6.24027E-01 4.76809E+01 3.96980E+02 1.66013E+03 2.57304E+00 1.70582E+01 1.06978E+01 2.51202E-02 
1.13035E+03 6.05504E-04 3.22571E+00 6.31117E-01 4.82507E+01 4.01475E+02 1.68119E+03 2.60384E+00 1.72517E+01 1.08191E+01 2.54050E-02 
1.15668E+03 6.12385E-04 3.26225E+00 6.38291E-01 4.88269E+01 4.06023E+02 1.70249E+03 2.63499E+00 1.74475E+01 1.09418E+01 2.56932E-02 
1.18362E+03 6.19348E-04 3.29922E+00 6.45550E-01 4.94096E+01 4.10625E+02 1.72401E+03 2.66648E+00 1.76456E+01 1.10660E+01 2.59849E-02 
1.21119E+03 6.26392E-04 3.33663E+00 6.52894E-01 4.99989E+01 4.15282E+02 1.74577E+03 2.69833E+00 1.78460E+01 1.11916E+01 2.62799E-02 
1.23940E+03 6.33520E-04 3.37449E+00 6.60324E-01 5.05948E+01 4.19994E+02 1.76776E+03 2.73053E+00 1.80488E+01 1.13188E+01 2.65784E-02 
