5.50000E+00 9.19181E-03 9.19218E-03 9.19217E-03 9.19217E-03 9.19217E-03 9.19217E-03 9.19218E-03 9.19218E-03 9.19218E-03 9.19118E-03 
5.81250E+00 2.24255E-03 2.24255E-03 2.24255E-03 2.24255E-03 2.24255E-03 2.24255E-03 2.24255E-03 2.24255E-03 2.24255E-03 2.24255E-03 
6.14275E+00 9.81410E-04 9.81410E-04 9.81410E-04 9.81410E-04 9.81410E-04 9.81410E-04 9.81410E-04 9.81410E-04 9.81410E-04 9.81410E-04 
6.49176E+00 5.46404E-04 5.46404E-04 5.46404E-04 5.46404E-04 5.46404E-04 5.46404E-04 5.46404E-04 5.46404E-04 5.46404E-04 5.46404E-04 
6.86061E+00 3.43805E-04 3.43805E-04 3.43805E-04 3.43805E-04 3.43805E-04 3.43805E-04 3.43805E-04 3.43805E-04 3.43805E-04 3.43805E-04 
7.25041E+00 2.33927E-04 2.33927E-04 2.33927E-04 2.33927E-04 2.33927E-04 2.33927E-04 2.33927E-04 2.33927E-04 2.33927E-04 2.33927E-04 
7.66236E+00 1.67890E-04 1.67890E-04 1.67890E-04 1.67890E-04 1.67890E-04 1.67890E-04 1.67890E-04 1.67890E-04 1.67890E-04 1.67890E-04 
8.09772E+00 1.25578E-04 1.25578E-04 1.25578E-04 1.25578E-04 1.25578E-04 1.25578E-04 1.25578E-04 1.25578E-04 1.25578E-04 1.25578E-04 
8.55781E+00 9.70232E-05 9.70232E-05 9.70232E-05 9.70232E-05 9.70232E-05 9.70232E-05 9.70232E-05 9.70232E-05 9.70232E-05 9.70232E-05 
9.04404E+00 7.70102E-05 7.70102E-05 7.70102E-05 7.70102E-05 7.70102E-05 7.70102E-05 7.70102E-05 7.70102E-05 7.70102E-05 7.70102E-05 
9.55790E+00 6.25029E-05 6.25029E-05 6.25029E-05 6.25029E-05 6.25029E-05 6.25029E-05 6.25029E-05 6.25029E-05 6.25029E-05 6.25029E-05 
1.01010E+01 5.17029E-05 5.17029E-05 5.17029E-05 5.17029E-05 5.17029E-05 5.17029E-05 5.17029E-05 5.17029E-05 5.17029E-05 5.17029E-05 
1.06749E+01 4.34882E-05 4.34882E-05 4.34882E-05 4.34882E-05 4.34882E-05 4.34882E-05 4.34882E-05 4.34882E-05 4.34882E-05 4.34882E-05 
1.12814E+01 3.71542E-05 3.71542E-05 3.71542E-05 3.71542E-05 3.71542E-05 3.71542E-05 3.71542E-05 3.71542E-05 3.71542E-05 3.71542E-05 
1.19224E+01 3.21619E-05 3.21619E-05 3.21619E-05 3.21619E-05 3.21619E-05 3.21619E-05 3.21619E-05 3.21619E-05 3.21619E-05 3.21619E-05 
1.25998E+01 2.81851E-05 2.81851E-05 2.81851E-05 2.81851E-05 2.81851E-05 2.81851E-05 2.81851E-05 2.81851E-05 2.81851E-05 2.81851E-05 
1.33157E+01 2.49783E-05 2.49783E-05 2.49783E-05 2.49783E-05 2.49783E-05 2.49783E-05 2.49783E-05 2.49783E-05 2.49783E-05 2.49783E-05 
1.40722E+01 2.23592E-05 2.23592E-05 2.23592E-05 2.23592E-05 2.23592E-05 2.23592E-05 2.23592E-05 2.23592E-05 2.23592E-05 2.23592E-05 
1.48718E+01 2.02075E-05 2.02075E-05 2.02075E-05 2.02075E-05 2.02075E-05 2.02075E-05 2.02075E-05 2.02075E-05 2.02075E-05 2.02075E-05 
1.57167E+01 1.84167E-05 1.84167E-05 1.84167E-05 1.84167E-05 1.84167E-05 1.84167E-05 1.84167E-05 1.84167E-05 1.84167E-05 1.84167E-05 
1.66097E+01 1.69198E-05 1.69198E-05 1.69198E-05 1.69198E-05 1.69198E-05 1.69198E-05 1.69198E-05 1.69198E-05 1.69198E-05 1.69198E-05 
1.75535E+01 1.56586E-05 1.56586E-05 1.56586E-05 1.56586E-05 1.56586E-05 1.56586E-05 1.56586E-05 1.56586E-05 1.56586E-05 1.56586E-05 
1.85508E+01 1.45908E-05 1.45908E-05 1.45908E-05 1.45908E-05 1.45908E-05 1.45908E-05 1.45908E-05 1.45908E-05 1.45908E-05 1.45908E-05 
1.96048E+01 1.36833E-05 1.36833E-05 1.36833E-05 1.36833E-05 1.36833E-05 1.36833E-05 1.36833E-05 1.36833E-05 1.36833E-05 1.36833E-05 
2.07187E+01 1.29079E-05 1.29079E-05 1.29079E-05 1.29079E-05 1.29079E-05 1.29079E-05 1.29079E-05 1.29079E-05 1.29079E-05 1.29079E-05 
2.18959E+01 1.22457E-05 1.22457E-05 1.22457E-05 1.22457E-05 1.22457E-05 1.22457E-05 1.22457E-05 1.22457E-05 1.22457E-05 1.22457E-05 
2.31400E+01 1.16776E-05 1.16776E-05 1.16776E-05 1.16776E-05 1.16776E-05 1.16776E-05 1.16776E-05 1.16776E-05 1.16776E-05 1.16776E-05 
2.44547E+01 1.11914E-05 1.11914E-05 1.11914E-05 1.11914E-05 1.11914E-05 1.11914E-05 1.11914E-05 1.11914E-05 1.11914E-05 1.11914E-05 
2.58442E+01 1.07760E-05 1.07760E-05 1.07760E-05 1.07760E-05 1.07760E-05 1.07760E-05 1.07760E-05 1.07760E-05 1.07760E-05 1.07760E-05 
2.73126E+01 1.04219E-05 1.04219E-05 1.04219E-05 1.04219E-05 1.04219E-05 1.04219E-05 1.04219E-05 1.04219E-05 1.04219E-05 1.04219E-05 
2.88644E+01 1.01226E-05 1.01226E-05 1.01226E-05 1.01226E-05 1.01226E-05 1.01226E-05 1.01226E-05 1.01226E-05 1.01226E-05 1.01226E-05 
3.05044E+01 9.87083E-06 9.87083E-06 9.87083E-06 9.87083E-06 9.87083E-06 9.87083E-06 9.87083E-06 9.87083E-06 9.87083E-06 9.87083E-06 
3.22376E+01 9.66273E-06 9.66273E-06 9.66273E-06 9.66273E-06 9.66273E-06 9.66273E-06 9.66273E-06 9.66273E-06 9.66273E-06 9.66273E-06 
3.40693E+01 9.49341E-06 9.49341E-06 9.49341E-06 9.49341E-06 9.49341E-06 9.49341E-06 9.49341E-06 9.49341E-06 9.49341E-06 9.49341E-06 
3.60050E+01 9.35873E-06 9.35873E-06 9.35873E-06 9.35873E-06 9.35873E-06 9.35873E-06 9.35873E-06 9.35873E-06 9.35873E-06 9.35873E-06 
3.80507E+01 9.25404E-06 9.25404E-06 9.25404E-06 9.25404E-06 9.25404E-06 9.25404E-06 9.25404E-06 9.25404E-06 9.25404E-06 9.25404E-06 
4.02126E+01 9.18012E-06 9.18012E-06 9.18012E-06 9.18012E-06 9.18012E-06 9.18012E-06 9.18012E-06 9.18012E-06 9.18012E-06 9.18012E-06 
4.24974E+01 9.13246E-06 9.13246E-06 9.13246E-06 9.13246E-06 9.13246E-06 9.13246E-06 9.13246E-06 9.13246E-06 9.13246E-06 9.13246E-06 
4.49120E+01 9.10893E-06 9.10893E-06 9.10893E-06 9.10893E-06 9.10893E-06 9.10893E-06 9.10893E-06 9.10893E-06 9.10893E-06 9.10893E-06 
4.74638E+01 9.10802E-06 9.10802E-06 9.10802E-06 9.10802E-06 9.10802E-06 9.10802E-06 9.10802E-06 9.10802E-06 9.10802E-06 9.10802E-06 
5.01606E+01 9.12823E-06 9.12823E-06 9.12823E-06 9.12823E-06 9.12823E-06 9.12823E-06 9.12823E-06 9.12823E-06 9.12823E-06 9.12823E-06 
5.30106E+01 9.16816E-06 9.16816E-06 9.16816E-06 9.16816E-06 9.16816E-06 9.16816E-06 9.16816E-06 9.16816E-06 9.16816E-06 9.16816E-06 
5.60225E+01 9.22655E-06 9.22655E-06 9.22655E-06 9.22655E-06 9.22655E-06 9.22655E-06 9.22655E-06 9.22655E-06 9.22655E-06 9.22655E-06 
5.92056E+01 9.30241E-06 9.30241E-06 9.30241E-06 9.30241E-06 9.30241E-06 9.30241E-06 9.30241E-06 9.30241E-06 9.30241E-06 9.30241E-06 
6.25695E+01 9.39495E-06 9.39495E-06 9.39495E-06 9.39495E-06 9.39495E-06 9.39495E-06 9.39495E-06 9.39495E-06 9.39495E-06 9.39495E-06 
6.61245E+01 9.50335E-06 9.50335E-06 9.50335E-06 9.50335E-06 9.50335E-06 9.50335E-06 9.50335E-06 9.50335E-06 9.50335E-06 9.50335E-06 
6.98816E+01 9.62698E-06 9.62698E-06 9.62698E-06 9.62698E-06 9.62698E-06 9.62698E-06 9.62698E-06 9.62698E-06 9.62698E-06 9.62698E-06 
7.38521E+01 9.76523E-06 9.76523E-06 9.76523E-06 9.76523E-06 9.76523E-06 9.76523E-06 9.76523E-06 9.76523E-06 9.76523E-06 9.76523E-06 
7.80482E+01 9.91749E-06 9.91749E-06 9.91749E-06 9.91749E-06 9.91749E-06 9.91749E-06 9.91749E-06 9.91749E-06 9.91749E-06 9.91749E-06 
8.24827E+01 1.00833E-05 1.00833E-05 1.00833E-05 1.00833E-05 1.00833E-05 1.00833E-05 1.00833E-05 1.00833E-05 1.00833E-05 1.00833E-05 
8.71691E+01 1.02623E-05 1.02623E-05 1.02623E-05 1.02623E-05 1.02623E-05 1.02623E-05 1.02623E-05 1.02623E-05 1.02623E-05 1.02623E-05 
9.21219E+01 1.04540E-05 1.04540E-05 1.04540E-05 1.04540E-05 1.04540E-05 1.04540E-05 1.04540E-05 1.04540E-05 1.04540E-05 1.04540E-05 
9.73560E+01 1.06583E-05 1.06583E-05 1.06583E-05 1.06583E-05 1.06583E-05 1.06583E-05 1.06583E-05 1.06583E-05 1.06583E-05 1.06583E-05 
1.02888E+02 1.08748E-05 1.08748E-05 1.08748E-05 1.08748E-05 1.08748E-05 1.08748E-05 1.08748E-05 1.08748E-05 1.08748E-05 1.08748E-05 
1.08733E+02 1.11033E-05 1.11033E-05 1.11033E-05 1.11033E-05 1.11033E-05 1.11033E-05 1.11033E-05 1.11033E-05 1.11033E-05 1.11033E-05 
1.14911E+02 1.13436E-05 1.13436E-05 1.13436E-05 1.13436E-05 1.13436E-05 1.13436E-05 1.13436E-05 1.13436E-05 1.13436E-05 1.13436E-05 
1.21440E+02 1.15955E-05 1.15955E-05 1.15955E-05 1.15955E-05 1.15955E-05 1.15955E-05 1.15955E-05 1.15955E-05 1.15955E-05 1.15955E-05 
1.28340E+02 1.18590E-05 1.18590E-05 1.18590E-05 1.18590E-05 1.18590E-05 1.18590E-05 1.18590E-05 1.18590E-05 1.18590E-05 1.18590E-05 
1.35632E+02 1.21340E-05 1.21340E-05 1.21340E-05 1.21340E-05 1.21340E-05 1.21340E-05 1.21340E-05 1.21340E-05 1.21340E-05 1.21340E-05 
1.43338E+02 1.24222E-05 1.24222E-05 1.24222E-05 1.24222E-05 1.24222E-05 1.24222E-05 1.24222E-05 1.24222E-05 1.24222E-05 1.24222E-05 
1.51483E+02 1.27202E-05 1.27202E-05 1.27202E-05 1.27202E-05 1.27202E-05 1.27202E-05 1.27202E-05 1.27202E-05 1.27202E-05 1.27202E-05 
1.60089E+02 1.30296E-05 1.30296E-05 1.30296E-05 1.30296E-05 1.30296E-05 1.30296E-05 1.30296E-05 1.30296E-05 1.30296E-05 1.30296E-05 
1.69185E+02 1.33506E-05 1.33506E-05 1.33506E-05 1.33506E-05 1.33506E-05 1.33506E-05 1.33506E-05 1.33506E-05 1.33506E-05 1.33506E-05 
1.78798E+02 1.36833E-05 1.36833E-05 1.36833E-05 1.36833E-05 1.36833E-05 1.36833E-05 1.36833E-05 1.36833E-05 1.36833E-05 1.36833E-05 
1.88957E+02 1.40277E-05 1.40277E-05 1.40277E-05 1.40277E-05 1.40277E-05 1.40277E-05 1.40277E-05 1.40277E-05 1.40277E-05 1.40277E-05 
1.99693E+02 1.43840E-05 1.43840E-05 1.43840E-05 1.43840E-05 1.43840E-05 1.43840E-05 1.43840E-05 1.43840E-05 1.43840E-05 1.43840E-05 
2.11039E+02 1.47523E-05 1.47523E-05 1.47523E-05 1.47523E-05 1.47523E-05 1.47523E-05 1.47523E-05 1.47523E-05 1.47523E-05 1.47523E-05 
2.23030E+02 1.51329E-05 1.51329E-05 1.51329E-05 1.51329E-05 1.51329E-05 1.51329E-05 1.51329E-05 1.51329E-05 1.51329E-05 1.51329E-05 
2.35702E+02 1.55258E-05 1.55258E-05 1.55258E-05 1.55258E-05 1.55258E-05 1.55258E-05 1.55258E-05 1.55258E-05 1.55258E-05 1.55258E-05 
2.49094E+02 1.59314E-05 1.59314E-05 1.59314E-05 1.59314E-05 1.59314E-05 1.59314E-05 1.59314E-05 1.59314E-05 1.59314E-05 1.59314E-05 
2.63247E+02 1.63498E-05 1.63498E-05 1.63498E-05 1.63498E-05 1.63498E-05 1.63498E-05 1.63498E-05 1.63498E-05 1.63498E-05 1.63498E-05 
2.78204E+02 1.67814E-05 1.67814E-05 1.67814E-05 1.67814E-05 1.67814E-05 1.67814E-05 1.67814E-05 1.67814E-05 1.67814E-05 1.67814E-05 
2.94010E+02 1.72263E-05 1.72263E-05 1.72263E-05 1.72263E-05 1.72263E-05 1.72263E-05 1.72263E-05 1.72263E-05 1.72263E-05 1.72263E-05 
3.10715E+02 1.76849E-05 1.76849E-05 1.76849E-05 1.76849E-05 1.76849E-05 1.76849E-05 1.76849E-05 1.76849E-05 1.76849E-05 1.76849E-05 
3.28369E+02 1.81574E-05 1.81574E-05 1.81574E-05 1.81574E-05 1.81574E-05 1.81574E-05 1.81574E-05 1.81574E-05 1.81574E-05 1.81574E-05 
3.47027E+02 1.86442E-05 1.86442E-05 1.86442E-05 1.86442E-05 1.86442E-05 1.86442E-05 1.86442E-05 1.86442E-05 1.86442E-05 1.86442E-05 
3.66744E+02 1.91456E-05 1.91456E-05 1.91456E-05 1.91456E-05 1.91456E-05 1.91456E-05 1.91456E-05 1.91456E-05 1.91456E-05 1.91456E-05 
3.87581E+02 1.96620E-05 1.96620E-05 1.96620E-05 1.96620E-05 1.96620E-05 1.96620E-05 1.96620E-05 1.96620E-05 1.96620E-05 1.96620E-05 
4.09603E+02 2.01960E-05 2.01960E-05 2.01960E-05 2.01960E-05 2.01960E-05 2.01960E-05 2.01960E-05 2.01960E-05 2.01960E-05 2.01960E-05 
4.32875E+02 2.07434E-05 2.07434E-05 2.07434E-05 2.07434E-05 2.07434E-05 2.07434E-05 2.07434E-05 2.07434E-05 2.07434E-05 2.07434E-05 
4.57470E+02 2.13070E-05 2.13070E-05 2.13070E-05 2.13070E-05 2.13070E-05 2.13070E-05 2.13070E-05 2.13070E-05 2.13070E-05 2.13070E-05 
4.83462E+02 2.18871E-05 2.18871E-05 2.18871E-05 2.18871E-05 2.18871E-05 2.18871E-05 2.18871E-05 2.18871E-05 2.18871E-05 2.18871E-05 
5.10932E+02 2.24842E-05 2.24842E-05 2.24842E-05 2.24842E-05 2.24842E-05 2.24842E-05 2.24842E-05 2.24842E-05 2.24842E-05 2.24842E-05 
5.39961E+02 2.30986E-05 2.30986E-05 2.30986E-05 2.30986E-05 2.30986E-05 2.30986E-05 2.30986E-05 2.30986E-05 2.30986E-05 2.30986E-05 
5.70641E+02 2.37308E-05 2.37308E-05 2.37308E-05 2.37308E-05 2.37308E-05 2.37308E-05 2.37308E-05 2.37308E-05 2.37308E-05 2.37308E-05 
6.03063E+02 2.43813E-05 2.43813E-05 2.43813E-05 2.43813E-05 2.43813E-05 2.43813E-05 2.43813E-05 2.43813E-05 2.43813E-05 2.43813E-05 
6.37328E+02 2.50506E-05 2.50506E-05 2.50506E-05 2.50506E-05 2.50506E-05 2.50506E-05 2.50506E-05 2.50506E-05 2.50506E-05 2.50506E-05 
6.73539E+02 2.57391E-05 2.57391E-05 2.57391E-05 2.57391E-05 2.57391E-05 2.57391E-05 2.57391E-05 2.57391E-05 2.57391E-05 2.57391E-05 
7.11808E+02 2.64474E-05 2.64474E-05 2.64474E-05 2.64474E-05 2.64474E-05 2.64474E-05 2.64474E-05 2.64474E-05 2.64474E-05 2.64474E-05 
7.52251E+02 2.71761E-05 2.71761E-05 2.71761E-05 2.71761E-05 2.71761E-05 2.71761E-05 2.71761E-05 2.71761E-05 2.71761E-05 2.71761E-05 
7.94992E+02 2.79256E-05 2.79256E-05 2.79256E-05 2.79256E-05 2.79256E-05 2.79256E-05 2.79256E-05 2.79256E-05 2.79256E-05 2.79256E-05 
8.40161E+02 2.86965E-05 2.86965E-05 2.86965E-05 2.86965E-05 2.86965E-05 2.86965E-05 2.86965E-05 2.86965E-05 2.86965E-05 2.86965E-05 
8.87897E+02 2.94894E-05 2.94894E-05 2.94894E-05 2.94894E-05 2.94894E-05 2.94894E-05 2.94894E-05 2.94894E-05 2.94894E-05 2.94894E-05 
9.38345E+02 3.03049E-05 3.03049E-05 3.03049E-05 3.03049E-05 3.03049E-05 3.03049E-05 3.03049E-05 3.03049E-05 3.03049E-05 3.03049E-05 
9.91660E+02 3.11437E-05 3.11437E-05 3.11437E-05 3.11437E-05 3.11437E-05 3.11437E-05 3.11437E-05 3.11437E-05 3.11437E-05 3.11437E-05 
1.04800E+03 3.20063E-05 3.20063E-05 3.20063E-05 3.20063E-05 3.20063E-05 3.20063E-05 3.20063E-05 3.20063E-05 3.20063E-05 3.20063E-05 
1.10755E+03 3.28934E-05 3.28934E-05 3.28934E-05 3.28934E-05 3.28934E-05 3.28934E-05 3.28934E-05 3.28934E-05 3.28934E-05 3.28934E-05 
1.17048E+03 3.38056E-05 3.38056E-05 3.38056E-05 3.38056E-05 3.38056E-05 3.38056E-05 3.38056E-05 3.38056E-05 3.38056E-05 3.38056E-05 
1.23698E+03 3.47438E-05 3.47438E-05 3.47438E-05 3.47438E-05 3.47438E-05 3.47438E-05 3.47438E-05 3.47438E-05 3.47438E-05 3.47438E-05 
1.30726E+03 3.57085E-05 3.57085E-05 3.57085E-05 3.57085E-05 3.57085E-05 3.57085E-05 3.57085E-05 3.57085E-05 3.57085E-05 3.57085E-05 
1.38154E+03 3.67005E-05 3.67005E-05 3.67005E-05 3.67005E-05 3.67005E-05 3.67005E-05 3.67005E-05 3.67005E-05 3.67005E-05 3.67005E-05 
1.46003E+03 3.77206E-05 3.77206E-05 3.77206E-05 3.77206E-05 3.77206E-05 3.77206E-05 3.77206E-05 3.77206E-05 3.77206E-05 3.77206E-05 
1.54299E+03 3.87696E-05 3.87696E-05 3.87696E-05 3.87696E-05 3.87696E-05 3.87696E-05 3.87696E-05 3.87696E-05 3.87696E-05 3.87696E-05 
1.63066E+03 3.98482E-05 3.98482E-05 3.98482E-05 3.98482E-05 3.98482E-05 3.98482E-05 3.98482E-05 3.98482E-05 3.98482E-05 3.98482E-05 
1.72331E+03 4.09572E-05 4.09572E-05 4.09572E-05 4.09572E-05 4.09572E-05 4.09572E-05 4.09572E-05 4.09572E-05 4.09572E-05 4.09572E-05 
1.82122E+03 4.20975E-05 4.20975E-05 4.20975E-05 4.20975E-05 4.20975E-05 4.20975E-05 4.20975E-05 4.20975E-05 4.20975E-05 4.20975E-05 
1.92470E+03 4.32700E-05 4.32700E-05 4.32700E-05 4.32700E-05 4.32700E-05 4.32700E-05 4.32700E-05 4.32700E-05 4.32700E-05 4.32700E-05 
2.03405E+03 4.44756E-05 4.44756E-05 4.44756E-05 4.44756E-05 4.44756E-05 4.44756E-05 4.44756E-05 4.44756E-05 4.44756E-05 4.44756E-05 
2.14962E+03 4.57152E-05 4.57152E-05 4.57152E-05 4.57152E-05 4.57152E-05 4.57152E-05 4.57152E-05 4.57152E-05 4.57152E-05 4.57152E-05 
2.27176E+03 4.69897E-05 4.69897E-05 4.69897E-05 4.69897E-05 4.69897E-05 4.69897E-05 4.69897E-05 4.69897E-05 4.69897E-05 4.69897E-05 
2.40084E+03 4.83000E-05 4.83000E-05 4.83000E-05 4.83000E-05 4.83000E-05 4.83000E-05 4.83000E-05 4.83000E-05 4.83000E-05 4.83000E-05 
2.53725E+03 4.96473E-05 4.96473E-05 4.96473E-05 4.96473E-05 4.96473E-05 4.96473E-05 4.96473E-05 4.96473E-05 4.96473E-05 4.96473E-05 
2.68141E+03 5.10325E-05 5.10325E-05 5.10325E-05 5.10325E-05 5.10325E-05 5.10325E-05 5.10325E-05 5.10325E-05 5.10325E-05 5.10325E-05 
2.83376E+03 5.24567E-05 5.24567E-05 5.24567E-05 5.24567E-05 5.24567E-05 5.24567E-05 5.24567E-05 5.24567E-05 5.24567E-05 5.24567E-05 
2.99476E+03 5.39210E-05 5.39210E-05 5.39210E-05 5.39210E-05 5.39210E-05 5.39210E-05 5.39210E-05 5.39210E-05 5.39210E-05 5.39210E-05 
3.16492E+03 5.54264E-05 5.54264E-05 5.54264E-05 5.54264E-05 5.54264E-05 5.54264E-05 5.54264E-05 5.54264E-05 5.54264E-05 5.54264E-05 
3.34474E+03 5.69742E-05 5.69742E-05 5.69742E-05 5.69742E-05 5.69742E-05 5.69742E-05 5.69742E-05 5.69742E-05 5.69742E-05 5.69742E-05 
3.53478E+03 5.85655E-05 5.85655E-05 5.85655E-05 5.85655E-05 5.85655E-05 5.85655E-05 5.85655E-05 5.85655E-05 5.85655E-05 5.85655E-05 
3.73562E+03 6.02015E-05 6.02015E-05 6.02015E-05 6.02015E-05 6.02015E-05 6.02015E-05 6.02015E-05 6.02015E-05 6.02015E-05 6.02015E-05 
3.94787E+03 6.18835E-05 6.18835E-05 6.18835E-05 6.18835E-05 6.18835E-05 6.18835E-05 6.18835E-05 6.18835E-05 6.18835E-05 6.18835E-05 
4.17218E+03 6.36127E-05 6.36127E-05 6.36127E-05 6.36127E-05 6.36127E-05 6.36127E-05 6.36127E-05 6.36127E-05 6.36127E-05 6.36127E-05 
4.40923E+03 6.53905E-05 6.53905E-05 6.53905E-05 6.53905E-05 6.53905E-05 6.53905E-05 6.53905E-05 6.53905E-05 6.53905E-05 6.53905E-05 
4.65975E+03 6.72183E-05 6.72183E-05 6.72183E-05 6.72183E-05 6.72183E-05 6.72183E-05 6.72183E-05 6.72183E-05 6.72183E-05 6.72183E-05 
4.92451E+03 6.90974E-05 6.90974E-05 6.90974E-05 6.90974E-05 6.90974E-05 6.90974E-05 6.90974E-05 6.90974E-05 6.90974E-05 6.90974E-05 
5.20430E+03 7.10292E-05 7.10292E-05 7.10292E-05 7.10292E-05 7.10292E-05 7.10292E-05 7.10292E-05 7.10292E-05 7.10292E-05 7.10292E-05 
5.50000E+03 7.30153E-05 7.30153E-05 7.30153E-05 7.30153E-05 7.30153E-05 7.30153E-05 7.30153E-05 7.30153E-05 7.30153E-05 7.30153E-05 
5.81250E+03 7.50571E-05 7.50571E-05 7.50571E-05 7.50571E-05 7.50571E-05 7.50571E-05 7.50571E-05 7.50571E-05 7.50571E-05 7.50571E-05 
6.14275E+03 7.71563E-05 7.71563E-05 7.71563E-05 7.71563E-05 7.71563E-05 7.71563E-05 7.71563E-05 7.71563E-05 7.71563E-05 7.71563E-05 
6.49176E+03 7.93144E-05 7.93144E-05 7.93144E-05 7.93144E-05 7.93144E-05 7.93144E-05 7.93144E-05 7.93144E-05 7.93144E-05 7.93144E-05 
6.86061E+03 8.15330E-05 8.15330E-05 8.15330E-05 8.15330E-05 8.15330E-05 8.15330E-05 8.15330E-05 8.15330E-05 8.15330E-05 8.15330E-05 
7.25041E+03 8.38139E-05 8.38139E-05 8.38139E-05 8.38139E-05 8.38139E-05 8.38139E-05 8.38139E-05 8.38139E-05 8.38139E-05 8.38139E-05 
7.66236E+03 8.61588E-05 8.61588E-05 8.61588E-05 8.61588E-05 8.61588E-05 8.61588E-05 8.61588E-05 8.61588E-05 8.61588E-05 8.61588E-05 
8.09772E+03 8.85694E-05 8.85694E-05 8.85694E-05 8.85694E-05 8.85694E-05 8.85694E-05 8.85694E-05 8.85694E-05 8.85694E-05 8.85694E-05 
8.55781E+03 9.10477E-05 9.10477E-05 9.10477E-05 9.10477E-05 9.10477E-05 9.10477E-05 9.10477E-05 9.10477E-05 9.10477E-05 9.10477E-05 
9.04404E+03 9.35956E-05 9.35956E-05 9.35956E-05 9.35956E-05 9.35956E-05 9.35956E-05 9.35956E-05 9.35956E-05 9.35956E-05 9.35956E-05 
9.55790E+03 9.62148E-05 9.62148E-05 9.62148E-05 9.62148E-05 9.62148E-05 9.62148E-05 9.62148E-05 9.62148E-05 9.62148E-05 9.62148E-05 
