4.50000E+00 8.89590E-03 2.56929E+02 9.26527E+00 3.22930E+02 3.22724E+04 3.28334E+03 7.26547E+00 5.89485E+02 3.51930E+02 8.06111E-01 
4.60482E+00 6.49736E-03 1.88668E+02 6.69345E+00 2.42653E+02 2.30591E+04 2.41054E+03 5.39245E+00 3.70530E+02 2.57061E+02 5.85407E-01 
4.71208E+00 4.96760E-03 1.42889E+02 5.08444E+00 1.87711E+02 1.73234E+04 1.86080E+03 4.19029E+00 2.79927E+02 1.94163E+02 4.45117E-01 
4.82184E+00 3.92139E-03 1.09266E+02 3.99484E+00 1.49736E+02 1.34796E+04 1.48761E+03 3.36244E+00 2.19019E+02 1.51885E+02 3.49526E-01 
4.93415E+00 3.17403E-03 8.74876E+01 3.22113E+00 1.20279E+02 1.07542E+04 1.21966E+03 2.76675E+00 1.75751E+02 1.21853E+02 2.81447E-01 
5.04908E+00 2.62431E-03 7.22965E+01 2.65528E+00 1.01637E+02 8.76453E+03 1.02153E+03 2.32533E+00 1.44075E+02 9.98683E+01 2.31489E-01 
5.16669E+00 2.20940E-03 6.05967E+01 2.23028E+00 8.71620E+01 7.29053E+03 8.73051E+02 1.98978E+00 1.20523E+02 8.36604E+01 1.93859E-01 
5.28704E+00 1.88839E-03 5.11810E+01 1.90291E+00 7.53771E+01 6.14599E+03 7.56779E+02 1.72837E+00 1.02261E+02 7.10150E+01 1.64805E-01 
5.41019E+00 1.63432E-03 4.37727E+01 1.64464E+00 6.56923E+01 5.25002E+03 6.64630E+02 1.52008E+00 8.79110E+01 6.08931E+01 1.41863E-01 
5.53621E+00 1.42941E-03 3.78232E+01 1.43676E+00 5.80252E+01 4.53676E+03 5.90367E+02 1.35099E+00 7.64407E+01 5.29348E+01 1.23405E-01 
5.66516E+00 1.26184E-03 3.29831E+01 1.26705E+00 5.17098E+01 3.95181E+03 5.28879E+02 1.21178E+00 6.70369E+01 4.64102E+01 1.08344E-01 
5.79712E+00 1.12329E-03 2.90001E+01 1.12696E+00 4.64626E+01 3.47309E+03 4.78000E+02 1.09593E+00 5.93139E+01 4.10524E+01 9.59124E-02 
5.93216E+00 1.00764E-03 2.56853E+01 1.01018E+00 4.20523E+01 3.07566E+03 4.35360E+02 9.98638E-01 5.28890E+01 3.65932E+01 8.55509E-02 
6.07033E+00 9.10230E-04 2.28990E+01 9.11955E-01 3.83077E+01 2.74042E+03 3.99126E+02 9.16190E-01 4.74714E+01 3.28359E+01 7.68321E-02 
6.21173E+00 8.27447E-04 2.05379E+01 8.28590E-01 3.51099E+01 2.45776E+03 3.68320E+02 8.45731E-01 4.28914E+01 2.96591E+01 6.94297E-02 
6.35642E+00 7.56497E-04 1.85190E+01 7.57221E-01 3.23460E+01 2.21589E+03 3.41776E+02 7.85025E-01 3.89695E+01 2.69357E+01 6.30910E-02 
6.50448E+00 6.95236E-04 1.67789E+01 6.95655E-01 2.99354E+01 2.00723E+03 3.18726E+02 7.32343E-01 3.55843E+01 2.45888E+01 5.76216E-02 
6.65599E+00 6.41990E-04 1.52701E+01 6.42184E-01 2.78419E+01 1.82670E+03 2.98657E+02 6.86336E-01 3.26504E+01 2.25535E+01 5.28701E-02 
6.81103E+00 5.95403E-04 1.39519E+01 5.95451E-01 2.59891E+01 1.66900E+03 2.81029E+02 6.45910E-01 3.00859E+01 2.07735E+01 4.87151E-02 
6.96967E+00 5.54381E-04 1.27934E+01 5.54332E-01 2.43455E+01 1.53039E+03 2.65449E+02 6.10167E-01 2.78295E+01 1.92082E+01 4.50583E-02 
7.13202E+00 5.18040E-04 1.17692E+01 5.17933E-01 2.28803E+01 1.40802E+03 2.51618E+02 5.78382E-01 2.58344E+01 1.78235E+01 4.18208E-02 
7.29815E+00 4.85674E-04 1.08591E+01 4.85534E-01 2.15651E+01 1.29927E+03 2.39263E+02 5.49975E-01 2.40594E+01 1.65910E+01 3.89392E-02 
7.46814E+00 4.56713E-04 1.00464E+01 4.56560E-01 2.03805E+01 1.20213E+03 2.28172E+02 5.24476E-01 2.24721E+01 1.54903E+01 3.63625E-02 
7.64210E+00 4.30699E-04 9.31787E+00 4.30547E-01 1.93078E+01 1.11518E+03 2.18195E+02 5.01491E-01 2.10484E+01 1.45013E+01 3.40481E-02 
7.82010E+00 4.07252E-04 8.66230E+00 4.07112E-01 1.83332E+01 1.03691E+03 2.09184E+02 4.80719E-01 1.97659E+01 1.36106E+01 3.19623E-02 
8.00226E+00 3.86051E-04 8.06982E+00 3.85932E-01 1.74476E+01 9.66155E+02 2.01014E+02 4.61886E-01 1.86063E+01 1.28057E+01 3.00759E-02 
8.18865E+00 3.66821E-04 7.53292E+00 3.66732E-01 1.66380E+01 9.02096E+02 1.93595E+02 4.44766E-01 1.75545E+01 1.20750E+01 2.83640E-02 
8.37939E+00 3.49318E-04 7.04481E+00 3.49267E-01 1.58876E+01 8.43887E+02 1.86842E+02 4.29152E-01 1.65965E+01 1.14099E+01 2.68051E-02 
8.57457E+00 3.33340E-04 6.59970E+00 3.33329E-01 1.52009E+01 7.90799E+02 1.80670E+02 4.14870E-01 1.57229E+01 1.08027E+01 2.53810E-02 
8.77430E+00 3.18705E-04 6.19235E+00 3.18741E-01 1.45661E+01 7.42175E+02 1.75006E+02 4.01772E-01 1.49225E+01 1.02464E+01 2.40759E-02 
8.97868E+00 3.05266E-04 5.81871E+00 3.05351E-01 1.39779E+01 6.97620E+02 1.69812E+02 3.89728E-01 1.41879E+01 9.73527E+00 2.28766E-02 
9.18782E+00 2.92893E-04 5.47512E+00 2.93029E-01 1.34315E+01 6.56706E+02 1.65037E+02 3.78630E-01 1.35103E+01 9.26442E+00 2.17716E-02 
9.40183E+00 2.81477E-04 5.15844E+00 2.81666E-01 1.29227E+01 6.18907E+02 1.60621E+02 3.68384E-01 1.28854E+01 8.82965E+00 2.07510E-02 
9.62083E+00 2.70924E-04 4.86592E+00 2.71166E-01 1.24477E+01 5.84067E+02 1.56551E+02 3.58909E-01 1.23074E+01 8.42732E+00 1.98064E-02 
9.84493E+00 2.61151E-04 4.59521E+00 2.61448E-01 1.20035E+01 5.51822E+02 1.52789E+02 3.50133E-01 1.17717E+01 8.05423E+00 1.89303E-02 
1.00742E+01 2.52086E-04 4.34423E+00 2.52438E-01 1.15872E+01 5.21895E+02 1.49299E+02 3.41995E-01 1.12742E+01 7.70769E+00 1.81162E-02 
1.03089E+01 2.43661E-04 4.11098E+00 2.44071E-01 1.11960E+01 4.94118E+02 1.46068E+02 3.34435E-01 1.08112E+01 7.38505E+00 1.73581E-02 
1.05490E+01 2.35822E-04 3.89404E+00 2.36290E-01 1.08276E+01 4.68286E+02 1.43071E+02 3.27408E-01 1.03794E+01 7.08388E+00 1.66511E-02 
1.07947E+01 2.28515E-04 3.69186E+00 2.29042E-01 1.04819E+01 4.44197E+02 1.40285E+02 3.20866E-01 9.97693E+00 6.80387E+00 1.59904E-02 
1.10462E+01 2.21695E-04 3.50318E+00 2.22281E-01 1.01542E+01 4.21725E+02 1.37697E+02 3.14771E-01 9.60008E+00 6.53984E+00 1.53721E-02 
1.13035E+01 2.15319E-04 3.32682E+00 2.15965E-01 9.84492E+00 4.00732E+02 1.35289E+02 3.09085E-01 9.24719E+00 6.29269E+00 1.47925E-02 
1.15668E+01 2.09351E-04 3.16178E+00 2.10060E-01 9.55244E+00 3.81067E+02 1.33045E+02 3.03777E-01 8.91637E+00 6.06199E+00 1.42483E-02 
1.18362E+01 2.03759E-04 3.00714E+00 2.04530E-01 9.27507E+00 3.62664E+02 1.30959E+02 2.98817E-01 8.60560E+00 5.84449E+00 1.37367E-02 
1.21119E+01 1.98511E-04 2.86206E+00 1.99345E-01 9.01167E+00 3.45397E+02 1.29015E+02 2.94181E-01 8.31234E+00 5.63965E+00 1.32550E-02 
1.23940E+01 1.93583E-04 2.72582E+00 1.94481E-01 8.76150E+00 3.29174E+02 1.27203E+02 2.89845E-01 8.03710E+00 5.44661E+00 1.28009E-02 
1.26827E+01 1.88951E-04 2.59775E+00 1.89913E-01 8.52351E+00 3.13929E+02 1.25516E+02 2.85789E-01 7.77849E+00 5.26445E+00 1.23724E-02 
1.29781E+01 1.84593E-04 2.47724E+00 1.85621E-01 8.29696E+00 2.99585E+02 1.23944E+02 2.81993E-01 7.53431E+00 5.09238E+00 1.19674E-02 
1.32804E+01 1.80490E-04 2.36374E+00 1.81585E-01 8.08111E+00 2.86076E+02 1.22482E+02 2.78442E-01 7.30272E+00 4.92960E+00 1.15844E-02 
1.35898E+01 1.76624E-04 2.25676E+00 1.77786E-01 7.87395E+00 2.73343E+02 1.21122E+02 2.75119E-01 7.08309E+00 4.77527E+00 1.12217E-02 
1.39063E+01 1.72978E-04 2.15584E+00 1.74210E-01 7.67868E+00 2.61332E+02 1.19858E+02 2.72011E-01 6.87557E+00 4.62944E+00 1.08780E-02 
1.42302E+01 1.69538E-04 2.06059E+00 1.70840E-01 7.48988E+00 2.49995E+02 1.18685E+02 2.69105E-01 6.67971E+00 4.49055E+00 1.05518E-02 
1.45617E+01 1.66290E-04 1.97058E+00 1.67663E-01 7.31282E+00 2.39282E+02 1.17598E+02 2.66388E-01 6.49441E+00 4.35953E+00 1.02421E-02 
1.49009E+01 1.63221E-04 1.88552E+00 1.64666E-01 7.14029E+00 2.29156E+02 1.16591E+02 2.63851E-01 6.31838E+00 4.23426E+00 9.94773E-03 
1.52480E+01 1.60320E-04 1.80520E+00 1.61838E-01 6.97766E+00 2.19590E+02 1.15662E+02 2.61488E-01 6.15052E+00 4.11539E+00 9.66792E-03 
1.56032E+01 1.57578E-04 1.72950E+00 1.59171E-01 6.82152E+00 2.10571E+02 1.14811E+02 2.59300E-01 5.99093E+00 4.00242E+00 9.40203E-03 
1.59666E+01 1.54986E-04 1.65831E+00 1.56654E-01 6.67484E+00 2.02086E+02 1.14036E+02 2.57288E-01 5.83984E+00 3.89514E+00 9.14956E-03 
1.63385E+01 1.52536E-04 1.59148E+00 1.54280E-01 6.53680E+00 1.94116E+02 1.13337E+02 2.55451E-01 5.69701E+00 3.79333E+00 8.90995E-03 
1.67191E+01 1.50222E-04 1.52881E+00 1.52041E-01 6.40738E+00 1.86637E+02 1.12714E+02 2.53791E-01 5.56194E+00 3.69674E+00 8.68266E-03 
1.71085E+01 1.48036E-04 1.47012E+00 1.49931E-01 6.28654E+00 1.79626E+02 1.12166E+02 2.52306E-01 5.43397E+00 3.60516E+00 8.46718E-03 
1.75070E+01 1.45973E-04 1.41522E+00 1.47944E-01 6.17428E+00 1.73063E+02 1.11692E+02 2.50999E-01 5.31251E+00 3.51840E+00 8.26308E-03 
1.79148E+01 1.44028E-04 1.36396E+00 1.46074E-01 6.07068E+00 1.66930E+02 1.11295E+02 2.49873E-01 5.19740E+00 3.43642E+00 8.07000E-03 
1.83321E+01 1.42196E-04 1.31619E+00 1.44317E-01 5.97571E+00 1.61210E+02 1.10973E+02 2.48933E-01 5.08861E+00 3.35866E+00 7.88758E-03 
1.87591E+01 1.40472E-04 1.27170E+00 1.42667E-01 5.88918E+00 1.55877E+02 1.10728E+02 2.48177E-01 4.98609E+00 3.28536E+00 7.71538E-03 
1.91961E+01 1.38852E-04 1.23028E+00 1.41121E-01 5.81080E+00 1.50909E+02 1.10559E+02 2.47607E-01 4.88969E+00 3.21638E+00 7.55295E-03 
1.96432E+01 1.37331E-04 1.19172E+00 1.39674E-01 5.74027E+00 1.46279E+02 1.10465E+02 2.47221E-01 4.79865E+00 3.15140E+00 7.39985E-03 
2.01008E+01 1.35907E-04 1.15584E+00 1.38322E-01 5.67735E+00 1.41969E+02 1.10446E+02 2.47021E-01 4.71310E+00 3.09014E+00 7.25570E-03 
2.05690E+01 1.34575E-04 1.12250E+00 1.37062E-01 5.62191E+00 1.37959E+02 1.10503E+02 2.47007E-01 4.63235E+00 3.03242E+00 7.12016E-03 
2.10481E+01 1.33334E-04 1.09154E+00 1.35890E-01 5.57379E+00 1.34233E+02 1.10635E+02 2.47182E-01 4.55670E+00 2.97816E+00 6.99290E-03 
2.15384E+01 1.32178E-04 1.06283E+00 1.34804E-01 5.53282E+00 1.30775E+02 1.10844E+02 2.47547E-01 4.48579E+00 2.92744E+00 6.87361E-03 
2.20400E+01 1.31107E-04 1.03620E+00 1.33801E-01 5.49875E+00 1.27567E+02 1.11129E+02 2.48101E-01 4.41941E+00 2.87990E+00 6.76190E-03 
2.25534E+01 1.30116E-04 1.01152E+00 1.32878E-01 5.47127E+00 1.24590E+02 1.11488E+02 2.48844E-01 4.35735E+00 2.83543E+00 6.65742E-03 
2.30788E+01 1.29203E-04 9.88622E-01 1.32031E-01 5.45009E+00 1.21827E+02 1.11922E+02 2.49773E-01 4.29938E+00 2.79387E+00 6.55977E-03 
2.36163E+01 1.28364E-04 9.67381E-01 1.31258E-01 5.43491E+00 1.19263E+02 1.12429E+02 2.50886E-01 4.24531E+00 2.75507E+00 6.46860E-03 
2.41664E+01 1.27597E-04 9.47673E-01 1.30556E-01 5.42548E+00 1.16883E+02 1.13009E+02 2.52181E-01 4.19494E+00 2.71888E+00 6.38358E-03 
2.47293E+01 1.26900E-04 9.29390E-01 1.29922E-01 5.42158E+00 1.14674E+02 1.13659E+02 2.53658E-01 4.14810E+00 2.68517E+00 6.30440E-03 
2.53054E+01 1.26270E-04 9.12431E-01 1.29355E-01 5.42021E+00 1.12625E+02 1.14382E+02 2.55241E-01 4.10462E+00 2.65383E+00 6.23078E-03 
2.58948E+01 1.25704E-04 8.96702E-01 1.28853E-01 5.41461E+00 1.10724E+02 1.15174E+02 2.56625E-01 4.06434E+00 2.62472E+00 6.16241E-03 
2.64980E+01 1.25201E-04 8.82110E-01 1.28411E-01 5.40984E+00 1.08959E+02 1.16036E+02 2.57869E-01 4.02709E+00 2.59774E+00 6.09904E-03 
2.71152E+01 1.24757E-04 8.68577E-01 1.28030E-01 5.40933E+00 1.07323E+02 1.16966E+02 2.59256E-01 3.99274E+00 2.57277E+00 6.04039E-03 
2.77468E+01 1.24373E-04 8.56037E-01 1.27706E-01 5.41291E+00 1.05807E+02 1.17965E+02 2.60786E-01 3.96117E+00 2.54973E+00 5.98628E-03 
2.83931E+01 1.24045E-04 8.44432E-01 1.27439E-01 5.42048E+00 1.04404E+02 1.19033E+02 2.62456E-01 3.93226E+00 2.52853E+00 5.93650E-03 
2.90544E+01 1.23772E-04 8.33712E-01 1.27227E-01 5.43191E+00 1.03108E+02 1.20170E+02 2.64267E-01 3.90590E+00 2.50910E+00 5.89088E-03 
2.97312E+01 1.23553E-04 8.23828E-01 1.27068E-01 5.44713E+00 1.01914E+02 1.21375E+02 2.66218E-01 3.88202E+00 2.49138E+00 5.84926E-03 
3.04237E+01 1.23386E-04 8.14736E-01 1.26960E-01 5.46603E+00 1.00815E+02 1.22650E+02 2.68306E-01 3.86051E+00 2.47529E+00 5.81149E-03 
3.11324E+01 1.23270E-04 8.06393E-01 1.26904E-01 5.48851E+00 9.98078E+01 1.23994E+02 2.70532E-01 3.84128E+00 2.46077E+00 5.77740E-03 
3.18576E+01 1.23204E-04 7.98753E-01 1.26897E-01 5.51445E+00 9.88857E+01 1.25407E+02 2.72892E-01 3.82423E+00 2.44776E+00 5.74683E-03 
3.25996E+01 1.23185E-04 7.91772E-01 1.26938E-01 5.54372E+00 9.80438E+01 1.26889E+02 2.75386E-01 3.80929E+00 2.43617E+00 5.71963E-03 
3.33590E+01 1.23214E-04 7.85409E-01 1.27025E-01 5.57619E+00 9.72771E+01 1.28439E+02 2.78009E-01 3.79634E+00 2.42595E+00 5.69563E-03 
3.41360E+01 1.23287E-04 7.79626E-01 1.27157E-01 5.61174E+00 9.65812E+01 1.30058E+02 2.80762E-01 3.78532E+00 2.41703E+00 5.67469E-03 
3.49311E+01 1.23405E-04 7.74394E-01 1.27334E-01 5.65029E+00 9.59523E+01 1.31745E+02 2.83641E-01 3.77615E+00 2.40937E+00 5.65670E-03 
3.57448E+01 1.23566E-04 7.69685E-01 1.27554E-01 5.69179E+00 9.53873E+01 1.33500E+02 2.86647E-01 3.76877E+00 2.40291E+00 5.64155E-03 
3.65774E+01 1.23769E-04 7.65477E-01 1.27816E-01 5.73620E+00 9.48835E+01 1.35325E+02 2.89779E-01 3.76312E+00 2.39763E+00 5.62916E-03 
3.74294E+01 1.24013E-04 7.61750E-01 1.28120E-01 5.78349E+00 9.44386E+01 1.37219E+02 2.93037E-01 3.75917E+00 2.39348E+00 5.61943E-03 
3.83012E+01 1.24299E-04 7.58487E-01 1.28465E-01 5.83362E+00 9.40502E+01 1.39184E+02 2.96422E-01 3.75685E+00 2.39044E+00 5.61229E-03 
3.91934E+01 1.24624E-04 7.55669E-01 1.28849E-01 5.88658E+00 9.37163E+01 1.41220E+02 2.99932E-01 3.75614E+00 2.38848E+00 5.60768E-03 
4.01063E+01 1.24989E-04 7.53282E-01 1.29274E-01 5.94235E+00 9.34351E+01 1.43328E+02 3.03569E-01 3.75698E+00 2.38756E+00 5.60553E-03 
4.10405E+01 1.25393E-04 7.51309E-01 1.29737E-01 6.00091E+00 9.32047E+01 1.45508E+02 3.07332E-01 3.75935E+00 2.38765E+00 5.60576E-03 
4.19964E+01 1.25835E-04 7.49736E-01 1.30239E-01 6.06222E+00 9.30232E+01 1.47760E+02 3.11222E-01 3.76319E+00 2.38874E+00 5.60832E-03 
4.29747E+01 1.26314E-04 7.48546E-01 1.30778E-01 6.12626E+00 9.28886E+01 1.50086E+02 3.15236E-01 3.76847E+00 2.39078E+00 5.61312E-03 
4.39757E+01 1.26829E-04 7.47724E-01 1.31354E-01 6.19298E+00 9.27992E+01 1.52486E+02 3.19376E-01 3.77515E+00 2.39376E+00 5.62011E-03 
4.50000E+01 1.27381E-04 7.47255E-01 1.31966E-01 6.26235E+00 9.27531E+01 1.54959E+02 3.23639E-01 3.78318E+00 2.39763E+00 5.62922E-03 
4.60482E+01 1.27968E-04 7.47126E-01 1.32614E-01 6.33432E+00 9.27486E+01 1.57507E+02 3.28026E-01 3.79254E+00 2.40239E+00 5.64039E-03 
4.71208E+01 1.28590E-04 7.47323E-01 1.33297E-01 6.40886E+00 9.27843E+01 1.60129E+02 3.32536E-01 3.80318E+00 2.40799E+00 5.65355E-03 
4.82184E+01 1.29245E-04 7.47837E-01 1.34014E-01 6.48595E+00 9.28587E+01 1.62827E+02 3.37168E-01 3.81508E+00 2.41443E+00 5.66867E-03 
4.93415E+01 1.29935E-04 7.48656E-01 1.34766E-01 6.56557E+00 9.29707E+01 1.65600E+02 3.41922E-01 3.82821E+00 2.42168E+00 5.68569E-03 
5.04908E+01 1.30658E-04 7.49770E-01 1.35551E-01 6.64770E+00 9.31192E+01 1.68450E+02 3.46798E-01 3.84253E+00 2.42972E+00 5.70457E-03 
5.16669E+01 1.31414E-04 7.51173E-01 1.36369E-01 6.73231E+00 9.33030E+01 1.71376E+02 3.51796E-01 3.85804E+00 2.43853E+00 5.72526E-03 
5.28704E+01 1.32202E-04 7.52855E-01 1.37220E-01 6.81940E+00 9.35212E+01 1.74379E+02 3.56915E-01 3.87470E+00 2.44810E+00 5.74773E-03 
5.41019E+01 1.33022E-04 7.54810E-01 1.38104E-01 6.90896E+00 9.37729E+01 1.77460E+02 3.62155E-01 3.89249E+00 2.45841E+00 5.77195E-03 
5.53621E+01 1.33873E-04 7.57031E-01 1.39020E-01 7.00098E+00 9.40574E+01 1.80620E+02 3.67516E-01 3.91139E+00 2.46946E+00 5.79789E-03 
5.66516E+01 1.34756E-04 7.59512E-01 1.39967E-01 7.09545E+00 9.43740E+01 1.83859E+02 3.72999E-01 3.93139E+00 2.48122E+00 5.82550E-03 
5.79712E+01 1.35670E-04 7.62248E-01 1.40946E-01 7.19237E+00 9.47219E+01 1.87178E+02 3.78602E-01 3.95246E+00 2.49369E+00 5.85478E-03 
5.93216E+01 1.36615E-04 7.65232E-01 1.41957E-01 7.29173E+00 9.51005E+01 1.90576E+02 3.84327E-01 3.97460E+00 2.50685E+00 5.88568E-03 
6.07033E+01 1.37590E-04 7.68460E-01 1.42998E-01 7.39352E+00 9.55091E+01 1.94056E+02 3.90173E-01 3.99778E+00 2.52069E+00 5.91818E-03 
6.21173E+01 1.38596E-04 7.71926E-01 1.44070E-01 7.49772E+00 9.59470E+01 1.97617E+02 3.96140E-01 4.02198E+00 2.53521E+00 5.95225E-03 
6.35642E+01 1.39631E-04 7.75624E-01 1.45172E-01 7.60432E+00 9.64135E+01 2.01259E+02 4.02226E-01 4.04719E+00 2.55038E+00 5.98787E-03 
6.50448E+01 1.40695E-04 7.79548E-01 1.46304E-01 7.71330E+00 9.69078E+01 2.04983E+02 4.08432E-01 4.07340E+00 2.56619E+00 6.02500E-03 
6.65599E+01 1.41789E-04 7.83693E-01 1.47466E-01 7.82464E+00 9.74295E+01 2.08789E+02 4.14757E-01 4.10057E+00 2.58264E+00 6.06361E-03 
6.81103E+01 1.42911E-04 7.88054E-01 1.48657E-01 7.93833E+00 9.79777E+01 2.12678E+02 4.21201E-01 4.12871E+00 2.59971E+00 6.10369E-03 
6.96967E+01 1.44062E-04 7.92625E-01 1.49877E-01 8.05433E+00 9.85519E+01 2.16650E+02 4.27762E-01 4.15779E+00 2.61739E+00 6.14520E-03 
7.13202E+01 1.45242E-04 7.97401E-01 1.51127E-01 8.17263E+00 9.91515E+01 2.20705E+02 4.34440E-01 4.18780E+00 2.63568E+00 6.18813E-03 
7.29815E+01 1.46450E-04 8.02380E-01 1.52405E-01 8.29321E+00 9.97760E+01 2.24843E+02 4.41235E-01 4.21872E+00 2.65455E+00 6.23244E-03 
7.46814E+01 1.47685E-04 8.07556E-01 1.53712E-01 8.41606E+00 1.00425E+02 2.29065E+02 4.48147E-01 4.25055E+00 2.67401E+00 6.27813E-03 
7.64210E+01 1.48948E-04 8.12925E-01 1.55048E-01 8.54117E+00 1.01098E+02 2.33371E+02 4.55174E-01 4.28328E+00 2.69405E+00 6.32517E-03 
7.82010E+01 1.50239E-04 8.18485E-01 1.56411E-01 8.66851E+00 1.01794E+02 2.37762E+02 4.62316E-01 4.31688E+00 2.71466E+00 6.37355E-03 
8.00226E+01 1.51558E-04 8.24232E-01 1.57803E-01 8.79807E+00 1.02514E+02 2.42236E+02 4.69574E-01 4.35136E+00 2.73583E+00 6.42324E-03 
8.18865E+01 1.52903E-04 8.30164E-01 1.59223E-01 8.92985E+00 1.03256E+02 2.46796E+02 4.76946E-01 4.38671E+00 2.75755E+00 6.47425E-03 
8.37939E+01 1.54276E-04 8.36276E-01 1.60671E-01 9.06382E+00 1.04021E+02 2.51441E+02 4.84432E-01 4.42291E+00 2.77983E+00 6.52654E-03 
8.57457E+01 1.55676E-04 8.42568E-01 1.62146E-01 9.19999E+00 1.04808E+02 2.56172E+02 4.92032E-01 4.45997E+00 2.80265E+00 6.58011E-03 
8.77430E+01 1.57103E-04 8.49036E-01 1.63650E-01 9.33834E+00 1.05617E+02 2.60988E+02 4.99746E-01 4.49787E+00 2.82601E+00 6.63496E-03 
8.97868E+01 1.58557E-04 8.55680E-01 1.65181E-01 9.47887E+00 1.06447E+02 2.65890E+02 5.07574E-01 4.53660E+00 2.84991E+00 6.69106E-03 
9.18782E+01 1.60038E-04 8.62496E-01 1.66739E-01 9.62157E+00 1.07299E+02 2.70879E+02 5.15515E-01 4.57618E+00 2.87435E+00 6.74842E-03 
9.40183E+01 1.61545E-04 8.69484E-01 1.68326E-01 9.76643E+00 1.08172E+02 2.75955E+02 5.23570E-01 4.61658E+00 2.89931E+00 6.80703E-03 
9.62083E+01 1.63080E-04 8.76642E-01 1.69940E-01 9.91346E+00 1.09067E+02 2.81118E+02 5.31737E-01 4.65781E+00 2.92480E+00 6.86687E-03 
9.84493E+01 1.64641E-04 8.83968E-01 1.71582E-01 1.00626E+01 1.09982E+02 2.86368E+02 5.40019E-01 4.69986E+00 2.95082E+00 6.92795E-03 
1.00742E+02 1.66229E-04 8.91463E-01 1.73252E-01 1.02140E+01 1.10918E+02 2.91706E+02 5.48413E-01 4.74273E+00 2.97736E+00 6.99025E-03 
1.03089E+02 1.67844E-04 8.99124E-01 1.74949E-01 1.03675E+01 1.11874E+02 2.97133E+02 5.56921E-01 4.78643E+00 3.00443E+00 7.05379E-03 
1.05490E+02 1.69486E-04 9.06951E-01 1.76674E-01 1.05232E+01 1.12852E+02 3.02647E+02 5.65543E-01 4.83094E+00 3.03201E+00 7.11854E-03 
1.07947E+02 1.71155E-04 9.14943E-01 1.78427E-01 1.06810E+01 1.13849E+02 3.08251E+02 5.74278E-01 4.87626E+00 3.06012E+00 7.18452E-03 
1.10462E+02 1.72851E-04 9.23100E-01 1.80208E-01 1.08410E+01 1.14867E+02 3.13943E+02 5.83127E-01 4.92241E+00 3.08874E+00 7.25171E-03 
1.13035E+02 1.74574E-04 9.31420E-01 1.82017E-01 1.10031E+01 1.15906E+02 3.19725E+02 5.92090E-01 4.96936E+00 3.11788E+00 7.32013E-03 
1.15668E+02 1.76324E-04 9.39904E-01 1.83854E-01 1.11674E+01 1.16964E+02 3.25597E+02 6.01167E-01 5.01714E+00 3.14754E+00 7.38975E-03 
1.18362E+02 1.78102E-04 9.48550E-01 1.85719E-01 1.13339E+01 1.18043E+02 3.31559E+02 6.10358E-01 5.06572E+00 3.17772E+00 7.46059E-03 
1.21119E+02 1.79906E-04 9.57359E-01 1.87612E-01 1.15025E+01 1.19142E+02 3.37611E+02 6.19663E-01 5.11512E+00 3.20841E+00 7.53265E-03 
1.23940E+02 1.81738E-04 9.66330E-01 1.89534E-01 1.16733E+01 1.20261E+02 3.43753E+02 6.29084E-01 5.16534E+00 3.23963E+00 7.60592E-03 
1.26827E+02 1.83597E-04 9.75462E-01 1.91484E-01 1.18462E+01 1.21400E+02 3.49987E+02 6.38619E-01 5.21637E+00 3.27135E+00 7.68040E-03 
1.29781E+02 1.85484E-04 9.84756E-01 1.93463E-01 1.20214E+01 1.22559E+02 3.56311E+02 6.48270E-01 5.26822E+00 3.30360E+00 7.75610E-03 
1.32804E+02 1.87399E-04 9.94211E-01 1.95470E-01 1.21987E+01 1.23739E+02 3.62728E+02 6.58036E-01 5.32089E+00 3.33637E+00 7.83302E-03 
1.35898E+02 1.89342E-04 1.00383E+00 1.97506E-01 1.23782E+01 1.24938E+02 3.69236E+02 6.67918E-01 5.37438E+00 3.36966E+00 7.91116E-03 
1.39063E+02 1.91312E-04 1.01361E+00 1.99571E-01 1.25599E+01 1.26157E+02 3.75836E+02 6.77916E-01 5.42870E+00 3.40346E+00 7.99052E-03 
1.42302E+02 1.93310E-04 1.02355E+00 2.01666E-01 1.27438E+01 1.27397E+02 3.82528E+02 6.88031E-01 5.48384E+00 3.43779E+00 8.07111E-03 
1.45617E+02 1.95337E-04 1.03365E+00 2.03789E-01 1.29299E+01 1.28656E+02 3.89313E+02 6.98264E-01 5.53980E+00 3.47265E+00 8.15293E-03 
1.49009E+02 1.97392E-04 1.04391E+00 2.05942E-01 1.31182E+01 1.29935E+02 3.96192E+02 7.08614E-01 5.59660E+00 3.50803E+00 8.23598E-03 
1.52480E+02 1.99476E-04 1.05433E+00 2.08125E-01 1.33087E+01 1.31235E+02 4.03163E+02 7.19082E-01 5.65423E+00 3.54393E+00 8.32027E-03 
1.56032E+02 2.01588E-04 1.06492E+00 2.10338E-01 1.35014E+01 1.32555E+02 4.10229E+02 7.29669E-01 5.71270E+00 3.58037E+00 8.40580E-03 
1.59666E+02 2.03730E-04 1.07567E+00 2.12581E-01 1.36964E+01 1.33895E+02 4.17388E+02 7.40375E-01 5.77202E+00 3.61733E+00 8.49258E-03 
1.63385E+02 2.05900E-04 1.08658E+00 2.14853E-01 1.38936E+01 1.35255E+02 4.24642E+02 7.51202E-01 5.83218E+00 3.65483E+00 8.58061E-03 
1.67191E+02 2.08100E-04 1.09766E+00 2.17157E-01 1.40931E+01 1.36636E+02 4.31991E+02 7.62149E-01 5.89318E+00 3.69287E+00 8.66991E-03 
1.71085E+02 2.10329E-04 1.10890E+00 2.19491E-01 1.42948E+01 1.38037E+02 4.39434E+02 7.73217E-01 5.95505E+00 3.73145E+00 8.76046E-03 
1.75070E+02 2.12588E-04 1.12031E+00 2.21856E-01 1.44988E+01 1.39458E+02 4.46973E+02 7.84408E-01 6.01777E+00 3.77057E+00 8.85229E-03 
1.79148E+02 2.14877E-04 1.13188E+00 2.24252E-01 1.47052E+01 1.40900E+02 4.54609E+02 7.95721E-01 6.08136E+00 3.81023E+00 8.94540E-03 
1.83321E+02 2.17196E-04 1.14362E+00 2.26680E-01 1.49138E+01 1.42363E+02 4.62340E+02 8.07159E-01 6.14582E+00 3.85044E+00 9.03980E-03 
1.87591E+02 2.19546E-04 1.15552E+00 2.29139E-01 1.51247E+01 1.43847E+02 4.70168E+02 8.18720E-01 6.21116E+00 3.89120E+00 9.13549E-03 
1.91961E+02 2.21926E-04 1.16759E+00 2.31630E-01 1.53380E+01 1.45351E+02 4.78093E+02 8.30408E-01 6.27737E+00 3.93252E+00 9.23248E-03 
1.96432E+02 2.24337E-04 1.17983E+00 2.34153E-01 1.55536E+01 1.46876E+02 4.86116E+02 8.42221E-01 6.34448E+00 3.97440E+00 9.33079E-03 
2.01008E+02 2.26779E-04 1.19225E+00 2.36709E-01 1.57716E+01 1.48423E+02 4.94236E+02 8.54162E-01 6.41248E+00 4.01683E+00 9.43041E-03 
2.05690E+02 2.29253E-04 1.20483E+00 2.39297E-01 1.59920E+01 1.49991E+02 5.02456E+02 8.66231E-01 6.48138E+00 4.05984E+00 9.53137E-03 
2.10481E+02 2.31758E-04 1.21758E+00 2.41918E-01 1.62148E+01 1.51580E+02 5.10774E+02 8.78429E-01 6.55119E+00 4.10341E+00 9.63366E-03 
2.15384E+02 2.34295E-04 1.23051E+00 2.44573E-01 1.64400E+01 1.53191E+02 5.19191E+02 8.90757E-01 6.62191E+00 4.14757E+00 9.73731E-03 
2.20400E+02 2.36865E-04 1.24361E+00 2.47261E-01 1.66676E+01 1.54823E+02 5.27709E+02 9.03218E-01 6.69355E+00 4.19230E+00 9.84231E-03 
2.25534E+02 2.39467E-04 1.25689E+00 2.49983E-01 1.68977E+01 1.56477E+02 5.36327E+02 9.15810E-01 6.76613E+00 4.23761E+00 9.94869E-03 
2.30788E+02 2.42102E-04 1.27034E+00 2.52740E-01 1.71302E+01 1.58153E+02 5.45046E+02 9.28537E-01 6.83964E+00 4.28351E+00 1.00564E-02 
2.36163E+02 2.44769E-04 1.28397E+00 2.55530E-01 1.73653E+01 1.59852E+02 5.53867E+02 9.41398E-01 6.91409E+00 4.33001E+00 1.01656E-02 
2.41664E+02 2.47471E-04 1.29778E+00 2.58356E-01 1.76029E+01 1.61572E+02 5.62790E+02 9.54395E-01 6.98950E+00 4.37710E+00 1.02761E-02 
2.47293E+02 2.50206E-04 1.31177E+00 2.61217E-01 1.78430E+01 1.63315E+02 5.71815E+02 9.67530E-01 7.06587E+00 4.42480E+00 1.03881E-02 
2.53054E+02 2.52975E-04 1.32595E+00 2.64113E-01 1.80857E+01 1.65081E+02 5.80945E+02 9.80804E-01 7.14321E+00 4.47310E+00 1.05015E-02 
2.58948E+02 2.55779E-04 1.34031E+00 2.67046E-01 1.83310E+01 1.66870E+02 5.90178E+02 9.94218E-01 7.22153E+00 4.52202E+00 1.06164E-02 
2.64980E+02 2.58617E-04 1.35485E+00 2.70014E-01 1.85789E+01 1.68681E+02 5.99516E+02 1.00777E+00 7.30084E+00 4.57157E+00 1.07327E-02 
2.71152E+02 2.61490E-04 1.36958E+00 2.73019E-01 1.88295E+01 1.70516E+02 6.08959E+02 1.02147E+00 7.38114E+00 4.62173E+00 1.08504E-02 
2.77468E+02 2.64399E-04 1.38449E+00 2.76061E-01 1.90827E+01 1.72374E+02 6.18509E+02 1.03531E+00 7.46245E+00 4.67253E+00 1.09697E-02 
2.83931E+02 2.67344E-04 1.39960E+00 2.79140E-01 1.93386E+01 1.74256E+02 6.28165E+02 1.04930E+00 7.54478E+00 4.72396E+00 1.10904E-02 
2.90544E+02 2.70324E-04 1.41490E+00 2.82257E-01 1.95972E+01 1.76162E+02 6.37929E+02 1.06344E+00 7.62813E+00 4.77604E+00 1.12127E-02 
2.97312E+02 2.73341E-04 1.43039E+00 2.85413E-01 1.98586E+01 1.78092E+02 6.47802E+02 1.07772E+00 7.71252E+00 4.82877E+00 1.13365E-02 
3.04237E+02 2.76396E-04 1.44608E+00 2.88606E-01 2.01228E+01 1.80046E+02 6.57783E+02 1.09216E+00 7.79795E+00 4.88215E+00 1.14618E-02 
3.11324E+02 2.79487E-04 1.46197E+00 2.91839E-01 2.03898E+01 1.82025E+02 6.67875E+02 1.10675E+00 7.88445E+00 4.93619E+00 1.15887E-02 
3.18576E+02 2.82616E-04 1.47805E+00 2.95110E-01 2.06596E+01 1.84028E+02 6.78077E+02 1.12149E+00 7.97200E+00 4.99091E+00 1.17171E-02 
3.25996E+02 2.85783E-04 1.49433E+00 2.98422E-01 2.09322E+01 1.86057E+02 6.88391E+02 1.13639E+00 8.06064E+00 5.04630E+00 1.18471E-02 
3.33590E+02 2.88988E-04 1.51082E+00 3.01773E-01 2.12078E+01 1.88111E+02 6.98817E+02 1.15144E+00 8.15036E+00 5.10237E+00 1.19788E-02 
3.41360E+02 2.92233E-04 1.52752E+00 3.05165E-01 2.14863E+01 1.90190E+02 7.09357E+02 1.16665E+00 8.24118E+00 5.15913E+00 1.21120E-02 
3.49311E+02 2.95516E-04 1.54442E+00 3.08598E-01 2.17678E+01 1.92295E+02 7.20011E+02 1.18203E+00 8.33311E+00 5.21658E+00 1.22469E-02 
3.57448E+02 2.98839E-04 1.56152E+00 3.12073E-01 2.20522E+01 1.94426E+02 7.30781E+02 1.19756E+00 8.42617E+00 5.27474E+00 1.23834E-02 
3.65774E+02 3.02203E-04 1.57884E+00 3.15589E-01 2.23397E+01 1.96583E+02 7.41666E+02 1.21326E+00 8.52036E+00 5.33361E+00 1.25216E-02 
3.74294E+02 3.05606E-04 1.59638E+00 3.19147E-01 2.26303E+01 1.98767E+02 7.52669E+02 1.22913E+00 8.61569E+00 5.39320E+00 1.26615E-02 
3.83012E+02 3.09051E-04 1.61412E+00 3.22749E-01 2.29239E+01 2.00978E+02 7.63790E+02 1.24517E+00 8.71219E+00 5.45351E+00 1.28031E-02 
3.91934E+02 3.12537E-04 1.63209E+00 3.26393E-01 2.32207E+01 2.03215E+02 7.75030E+02 1.26137E+00 8.80985E+00 5.51455E+00 1.29464E-02 
4.01063E+02 3.16065E-04 1.65027E+00 3.30081E-01 2.35207E+01 2.05481E+02 7.86391E+02 1.27775E+00 8.90869E+00 5.57634E+00 1.30914E-02 
4.10405E+02 3.19635E-04 1.66868E+00 3.33813E-01 2.38238E+01 2.07773E+02 7.97873E+02 1.29430E+00 9.00873E+00 5.63887E+00 1.32382E-02 
4.19964E+02 3.23248E-04 1.68731E+00 3.37590E-01 2.41302E+01 2.10094E+02 8.09477E+02 1.31103E+00 9.10998E+00 5.70216E+00 1.33868E-02 
4.29747E+02 3.26904E-04 1.70617E+00 3.41412E-01 2.44399E+01 2.12443E+02 8.21205E+02 1.32793E+00 9.21244E+00 5.76622E+00 1.35372E-02 
4.39757E+02 3.30604E-04 1.72526E+00 3.45280E-01 2.47529E+01 2.14820E+02 8.33058E+02 1.34502E+00 9.31614E+00 5.83104E+00 1.36894E-02 
4.50000E+02 3.34348E-04 1.74458E+00 3.49194E-01 2.50692E+01 2.17226E+02 8.45037E+02 1.36228E+00 9.42109E+00 5.89665E+00 1.38434E-02 
4.60482E+02 3.38137E-04 1.76413E+00 3.53154E-01 2.53890E+01 2.19661E+02 8.57143E+02 1.37974E+00 9.52730E+00 5.96305E+00 1.39993E-02 
4.71208E+02 3.41971E-04 1.78392E+00 3.57161E-01 2.57121E+01 2.22126E+02 8.69377E+02 1.39737E+00 9.63478E+00 6.03024E+00 1.41570E-02 
4.82184E+02 3.45850E-04 1.80395E+00 3.61216E-01 2.60388E+01 2.24621E+02 8.81741E+02 1.41520E+00 9.74355E+00 6.09824E+00 1.43167E-02 
4.93415E+02 3.49775E-04 1.82421E+00 3.65319E-01 2.63689E+01 2.27145E+02 8.94235E+02 1.43322E+00 9.85362E+00 6.16705E+00 1.44782E-02 
5.04908E+02 3.53748E-04 1.84473E+00 3.69471E-01 2.67027E+01 2.29700E+02 9.06862E+02 1.45143E+00 9.96500E+00 6.23669E+00 1.46417E-02 
5.16669E+02 3.57767E-04 1.86549E+00 3.73673E-01 2.70400E+01 2.32286E+02 9.19622E+02 1.46984E+00 1.00777E+01 6.30716E+00 1.48071E-02 
5.28704E+02 3.61834E-04 1.88650E+00 3.77923E-01 2.73809E+01 2.34902E+02 9.32517E+02 1.48844E+00 1.01918E+01 6.37848E+00 1.49745E-02 
5.41019E+02 3.65949E-04 1.90776E+00 3.82225E-01 2.77256E+01 2.37550E+02 9.45548E+02 1.50725E+00 1.03072E+01 6.45064E+00 1.51440E-02 
5.53621E+02 3.70113E-04 1.92928E+00 3.86577E-01 2.80739E+01 2.40230E+02 9.58717E+02 1.52626E+00 1.04240E+01 6.52367E+00 1.53154E-02 
5.66516E+02 3.74326E-04 1.95105E+00 3.90981E-01 2.84261E+01 2.42942E+02 9.72025E+02 1.54547E+00 1.05422E+01 6.59756E+00 1.54889E-02 
5.79712E+02 3.78589E-04 1.97308E+00 3.95436E-01 2.87820E+01 2.45686E+02 9.85473E+02 1.56489E+00 1.06618E+01 6.67234E+00 1.56644E-02 
5.93216E+02 3.82903E-04 1.99538E+00 3.99945E-01 2.91418E+01 2.48463E+02 9.99063E+02 1.58452E+00 1.07828E+01 6.74800E+00 1.58420E-02 
6.07033E+02 3.87267E-04 2.01794E+00 4.04506E-01 2.95055E+01 2.51273E+02 1.01280E+03 1.60436E+00 1.09052E+01 6.82457E+00 1.60218E-02 
6.21173E+02 3.91683E-04 2.04078E+00 4.09121E-01 2.98732E+01 2.54117E+02 1.02667E+03 1.62442E+00 1.10291E+01 6.90204E+00 1.62036E-02 
6.35642E+02 3.96151E-04 2.06388E+00 4.13791E-01 3.02449E+01 2.56995E+02 1.04070E+03 1.64469E+00 1.11545E+01 6.98043E+00 1.63877E-02 
6.50448E+02 4.00672E-04 2.08726E+00 4.18516E-01 3.06206E+01 2.59907E+02 1.05487E+03 1.66519E+00 1.12813E+01 7.05975E+00 1.65739E-02 
6.65599E+02 4.05246E-04 2.11092E+00 4.23296E-01 3.10004E+01 2.62853E+02 1.06919E+03 1.68590E+00 1.14097E+01 7.14001E+00 1.67623E-02 
6.81103E+02 4.09874E-04 2.13486E+00 4.28133E-01 3.13844E+01 2.65834E+02 1.08367E+03 1.70685E+00 1.15396E+01 7.22122E+00 1.69530E-02 
6.96967E+02 4.14556E-04 2.15908E+00 4.33027E-01 3.17725E+01 2.68851E+02 1.09830E+03 1.72802E+00 1.16710E+01 7.30340E+00 1.71459E-02 
7.13202E+02 4.19293E-04 2.18359E+00 4.37978E-01 3.21649E+01 2.71904E+02 1.11308E+03 1.74942E+00 1.18039E+01 7.38654E+00 1.73411E-02 
7.29815E+02 4.24087E-04 2.20839E+00 4.42987E-01 3.25616E+01 2.74993E+02 1.12801E+03 1.77105E+00 1.19385E+01 7.47067E+00 1.75386E-02 
7.46814E+02 4.28936E-04 2.23349E+00 4.48056E-01 3.29627E+01 2.78118E+02 1.14311E+03 1.79293E+00 1.20746E+01 7.55579E+00 1.77384E-02 
7.64210E+02 4.33843E-04 2.25888E+00 4.53184E-01 3.33681E+01 2.81281E+02 1.15837E+03 1.81504E+00 1.22123E+01 7.64191E+00 1.79406E-02 
7.82010E+02 4.38807E-04 2.28458E+00 4.58372E-01 3.37780E+01 2.84480E+02 1.17378E+03 1.83739E+00 1.23517E+01 7.72905E+00 1.81452E-02 
8.00226E+02 4.43830E-04 2.31057E+00 4.63620E-01 3.41924E+01 2.87718E+02 1.18936E+03 1.85999E+00 1.24927E+01 7.81722E+00 1.83521E-02 
8.18865E+02 4.48911E-04 2.33688E+00 4.68931E-01 3.46114E+01 2.90994E+02 1.20511E+03 1.88284E+00 1.26353E+01 7.90643E+00 1.85616E-02 
8.37939E+02 4.54052E-04 2.36349E+00 4.74304E-01 3.50350E+01 2.94309E+02 1.22102E+03 1.90593E+00 1.27796E+01 7.99669E+00 1.87735E-02 
8.57457E+02 4.59254E-04 2.39042E+00 4.79740E-01 3.54632E+01 2.97662E+02 1.23710E+03 1.92929E+00 1.29257E+01 8.08801E+00 1.89878E-02 
8.77430E+02 4.64516E-04 2.41767E+00 4.85239E-01 3.58962E+01 3.01056E+02 1.25336E+03 1.95289E+00 1.30734E+01 8.18041E+00 1.92048E-02 
8.97868E+02 4.69840E-04 2.44524E+00 4.90803E-01 3.63339E+01 3.04489E+02 1.26978E+03 1.97676E+00 1.32229E+01 8.27389E+00 1.94242E-02 
9.18782E+02 4.75227E-04 2.47313E+00 4.96432E-01 3.67765E+01 3.07963E+02 1.28638E+03 2.00090E+00 1.33741E+01 8.36847E+00 1.96463E-02 
9.40183E+02 4.80676E-04 2.50135E+00 5.02127E-01 3.72240E+01 3.11478E+02 1.30316E+03 2.02529E+00 1.35271E+01 8.46417E+00 1.98709E-02 
9.62083E+02 4.86189E-04 2.52990E+00 5.07889E-01 3.76764E+01 3.15034E+02 1.32011E+03 2.04996E+00 1.36820E+01 8.56098E+00 2.00982E-02 
9.84493E+02 4.91767E-04 2.55879E+00 5.13718E-01 3.81339E+01 3.18632E+02 1.33725E+03 2.07490E+00 1.38386E+01 8.65894E+00 2.03282E-02 
1.00742E+03 4.97411E-04 2.58802E+00 5.19615E-01 3.85964E+01 3.22272E+02 1.35457E+03 2.10012E+00 1.39970E+01 8.75804E+00 2.05608E-02 
1.03089E+03 5.03120E-04 2.61760E+00 5.25581E-01 3.90641E+01 3.25955E+02 1.37208E+03 2.12561E+00 1.41574E+01 8.85831E+00 2.07962E-02 
1.05490E+03 5.08896E-04 2.64752E+00 5.31617E-01 3.95369E+01 3.29681E+02 1.38977E+03 2.15139E+00 1.43196E+01 8.95975E+00 2.10344E-02 
1.07947E+03 5.14739E-04 2.67779E+00 5.37723E-01 4.00150E+01 3.33452E+02 1.40765E+03 2.17746E+00 1.44837E+01 9.06239E+00 2.12753E-02 
1.10462E+03 5.20651E-04 2.70842E+00 5.43901E-01 4.04985E+01 3.37266E+02 1.42573E+03 2.20381E+00 1.46497E+01 9.16622E+00 2.15191E-02 
1.13035E+03 5.26632E-04 2.73941E+00 5.50151E-01 4.09873E+01 3.41125E+02 1.44399E+03 2.23046E+00 1.48177E+01 9.27128E+00 2.17657E-02 
1.15668E+03 5.32683E-04 2.77076E+00 5.56474E-01 4.14815E+01 3.45030E+02 1.46246E+03 2.25740E+00 1.49876E+01 9.37756E+00 2.20152E-02 
1.18362E+03 5.38804E-04 2.80248E+00 5.62871E-01 4.19813E+01 3.48980E+02 1.48112E+03 2.28465E+00 1.51595E+01 9.48509E+00 2.22677E-02 
1.21119E+03 5.44997E-04 2.83457E+00 5.69343E-01 4.24867E+01 3.52977E+02 1.49998E+03 2.31220E+00 1.53335E+01 9.59388E+00 2.25230E-02 
1.23940E+03 5.51263E-04 2.86704E+00 5.75890E-01 4.29977E+01 3.57020E+02 1.51905E+03 2.34005E+00 1.55095E+01 9.70394E+00 2.27814E-02 
