4.50000E+00 6.91528E-03 1.99139E+02 7.15353E+00 2.50458E+02 2.47369E+04 2.52476E+03 5.63125E+00 4.40909E+02 2.70912E+02 6.24712E-01 
4.60482E+00 5.19440E-03 1.54328E+02 5.32593E+00 1.92793E+02 1.82202E+04 1.91093E+03 4.29806E+00 2.93733E+02 2.03757E+02 4.66562E-01 
4.71208E+00 4.06117E-03 1.14496E+02 4.14152E+00 1.50520E+02 1.40493E+04 1.51356E+03 3.41488E+00 2.27690E+02 1.57913E+02 3.62732E-01 
4.82184E+00 3.26673E-03 9.21136E+01 3.31841E+00 1.20845E+02 1.11176E+04 1.23147E+03 2.79176E+00 1.81309E+02 1.23626E+02 2.90191E-01 
4.93415E+00 2.68668E-03 7.48320E+01 2.72054E+00 1.02905E+02 9.01468E+03 1.02641E+03 2.33373E+00 1.47903E+02 1.00910E+02 2.37391E-01 
5.04908E+00 2.25152E-03 6.19785E+01 2.27416E+00 8.67719E+01 7.45684E+03 8.72446E+02 1.98771E+00 1.23048E+02 8.49976E+01 1.97873E-01 
5.16669E+00 1.91731E-03 5.21472E+01 1.93278E+00 7.52840E+01 6.26718E+03 7.53784E+02 1.72018E+00 1.04059E+02 7.23595E+01 1.67588E-01 
5.28704E+00 1.65486E-03 4.44676E+01 1.66571E+00 6.53310E+01 5.33454E+03 6.59887E+02 1.50869E+00 8.91680E+01 6.20299E+01 1.43855E-01 
5.41019E+00 1.44446E-03 3.83405E+01 1.45222E+00 5.75640E+01 4.59827E+03 5.84783E+02 1.33807E+00 7.73496E+01 5.35678E+01 1.24874E-01 
5.53621E+00 1.27289E-03 3.33723E+01 1.27845E+00 5.12065E+01 4.00069E+03 5.23199E+02 1.19806E+00 6.77437E+01 4.68946E+01 1.09434E-01 
5.66516E+00 1.13118E-03 2.92900E+01 1.13513E+00 4.59315E+01 3.50734E+03 4.71842E+02 1.08167E+00 5.98072E+01 4.14063E+01 9.67088E-02 
5.79712E+00 1.01294E-03 2.58943E+01 1.01572E+00 4.14957E+01 3.10086E+03 4.29035E+02 9.83946E-01 5.32380E+01 3.68340E+01 8.61104E-02 
5.93216E+00 9.13425E-04 2.30495E+01 9.15331E-01 3.77468E+01 2.75943E+03 3.92772E+02 9.01206E-01 4.77153E+01 3.30062E+01 7.72031E-02 
6.07033E+00 8.28960E-04 2.06403E+01 8.30247E-01 3.45371E+01 2.46956E+03 3.61754E+02 8.30576E-01 4.30264E+01 2.97565E+01 6.96517E-02 
6.21173E+00 7.56694E-04 1.85843E+01 7.57533E-01 3.17759E+01 2.22365E+03 3.35216E+02 7.69815E-01 3.90363E+01 2.69861E+01 6.31967E-02 
6.35642E+00 6.94381E-04 1.68157E+01 6.94892E-01 2.93774E+01 2.01202E+03 3.12217E+02 7.17151E-01 3.55992E+01 2.46006E+01 5.76356E-02 
6.50448E+00 6.40282E-04 1.52834E+01 6.40555E-01 2.72799E+01 1.82816E+03 2.92116E+02 6.71206E-01 3.26134E+01 2.25298E+01 5.28108E-02 
6.65599E+00 5.93021E-04 1.39473E+01 5.93129E-01 2.54352E+01 1.66844E+03 2.74540E+02 6.30886E-01 3.00139E+01 2.07270E+01 4.85982E-02 
6.81103E+00 5.51486E-04 1.27751E+01 5.51484E-01 2.38013E+01 1.52842E+03 2.59045E+02 5.95299E-01 2.77323E+01 1.91417E+01 4.48976E-02 
6.96967E+00 5.14762E-04 1.17407E+01 5.14691E-01 2.23470E+01 1.40451E+03 2.45268E+02 5.63708E-01 2.57137E+01 1.77429E+01 4.16272E-02 
7.13202E+00 4.82109E-04 1.08228E+01 4.81997E-01 2.10449E+01 1.29489E+03 2.33008E+02 5.35515E-01 2.39228E+01 1.64998E+01 3.87209E-02 
7.29815E+00 4.52930E-04 1.00045E+01 4.52799E-01 1.98718E+01 1.19722E+03 2.22028E+02 5.10237E-01 2.23241E+01 1.53904E+01 3.61255E-02 
7.46814E+00 4.26739E-04 9.27134E+00 4.26606E-01 1.88128E+01 1.10950E+03 2.12124E+02 4.87479E-01 2.08916E+01 1.43957E+01 3.37972E-02 
7.64210E+00 4.03145E-04 8.61227E+00 4.03020E-01 1.78494E+01 1.03088E+03 2.03201E+02 4.66904E-01 1.96020E+01 1.34999E+01 3.16996E-02 
7.82010E+00 3.81822E-04 8.01769E+00 3.81715E-01 1.69739E+01 9.59924E+02 1.95123E+02 4.48263E-01 1.84367E+01 1.26907E+01 2.98042E-02 
8.00226E+00 3.62493E-04 7.47856E+00 3.62412E-01 1.61751E+01 8.95536E+02 1.87773E+02 4.31323E-01 1.73806E+01 1.19574E+01 2.80856E-02 
8.18865E+00 3.44919E-04 6.98941E+00 3.44870E-01 1.54370E+01 8.37219E+02 1.81093E+02 4.15886E-01 1.64209E+01 1.12903E+01 2.65221E-02 
8.37939E+00 3.28889E-04 6.54363E+00 3.28879E-01 1.47609E+01 7.84005E+02 1.74992E+02 4.01778E-01 1.55444E+01 1.06817E+01 2.50953E-02 
8.57457E+00 3.14223E-04 6.13613E+00 3.14256E-01 1.41366E+01 7.35416E+02 1.69408E+02 3.88850E-01 1.47430E+01 1.01248E+01 2.37890E-02 
8.77430E+00 3.00767E-04 5.76261E+00 3.00846E-01 1.35587E+01 6.90888E+02 1.64280E+02 3.76970E-01 1.40076E+01 9.61356E+00 2.25896E-02 
8.97868E+00 2.88388E-04 5.41940E+00 2.88516E-01 1.30222E+01 6.49914E+02 1.59561E+02 3.66030E-01 1.33309E+01 9.14305E+00 2.14855E-02 
9.18782E+00 2.76973E-04 5.10330E+00 2.77150E-01 1.25229E+01 6.12310E+02 1.55223E+02 3.55933E-01 1.27068E+01 8.70891E+00 2.04664E-02 
9.40183E+00 2.66424E-04 4.81152E+00 2.66653E-01 1.20571E+01 5.77459E+02 1.51201E+02 3.46597E-01 1.21298E+01 8.30737E+00 1.95237E-02 
9.62083E+00 2.56658E-04 4.54163E+00 2.56939E-01 1.16216E+01 5.45329E+02 1.47492E+02 3.37952E-01 1.15952E+01 7.93523E+00 1.86498E-02 
9.84493E+00 2.47601E-04 4.29154E+00 2.47935E-01 1.12138E+01 5.15532E+02 1.44058E+02 3.29935E-01 1.10991E+01 7.58963E+00 1.78382E-02 
1.00742E+01 2.39188E-04 4.05945E+00 2.39577E-01 1.08311E+01 4.87860E+02 1.40872E+02 3.22492E-01 1.06377E+01 7.26820E+00 1.70830E-02 
1.03089E+01 2.31361E-04 3.84343E+00 2.31805E-01 1.04709E+01 4.62141E+02 1.37917E+02 3.15569E-01 1.02079E+01 6.96837E+00 1.63788E-02 
1.05490E+01 2.24068E-04 3.64236E+00 2.24569E-01 1.01313E+01 4.38201E+02 1.35174E+02 3.09126E-01 9.80639E+00 6.68917E+00 1.57212E-02 
1.07947E+01 2.17263E-04 3.45480E+00 2.17821E-01 9.81225E+00 4.15845E+02 1.32621E+02 3.03124E-01 9.43204E+00 6.42776E+00 1.51061E-02 
1.10462E+01 2.10904E-04 3.27957E+00 2.11520E-01 9.50945E+00 3.94987E+02 1.30249E+02 2.97525E-01 9.08072E+00 6.18162E+00 1.45298E-02 
1.13035E+01 2.04954E-04 3.11566E+00 2.05629E-01 9.22381E+00 3.75468E+02 1.28039E+02 2.92297E-01 8.75177E+00 5.95119E+00 1.39890E-02 
1.15668E+01 1.99378E-04 2.96214E+00 2.00113E-01 8.95306E+00 3.57185E+02 1.25981E+02 2.87414E-01 8.44287E+00 5.73566E+00 1.34808E-02 
1.18362E+01 1.94149E-04 2.81820E+00 1.94944E-01 8.69604E+00 3.40050E+02 1.24064E+02 2.82847E-01 8.15214E+00 5.53234E+00 1.30025E-02 
1.21119E+01 1.89238E-04 2.68307E+00 1.90094E-01 8.45188E+00 3.23964E+02 1.22277E+02 2.78576E-01 7.87784E+00 5.34072E+00 1.25518E-02 
1.23940E+01 1.84622E-04 2.55610E+00 1.85540E-01 8.21978E+00 3.08850E+02 1.20612E+02 2.74579E-01 7.62071E+00 5.15998E+00 1.21266E-02 
1.26827E+01 1.80280E-04 2.43666E+00 1.81260E-01 7.99886E+00 2.94633E+02 1.19061E+02 2.70837E-01 7.37865E+00 4.98926E+00 1.17250E-02 
1.29781E+01 1.76191E-04 2.32422E+00 1.77235E-01 7.78840E+00 2.81247E+02 1.17617E+02 2.67335E-01 7.14987E+00 4.82791E+00 1.13453E-02 
1.32804E+01 1.72339E-04 2.21827E+00 1.73448E-01 7.58771E+00 2.68635E+02 1.16272E+02 2.64056E-01 6.93256E+00 4.67517E+00 1.09858E-02 
1.35898E+01 1.68707E-04 2.11836E+00 1.69881E-01 7.39485E+00 2.56743E+02 1.15022E+02 2.60988E-01 6.72628E+00 4.53042E+00 1.06453E-02 
1.39063E+01 1.65279E-04 2.02408E+00 1.66521E-01 7.21344E+00 2.45520E+02 1.13860E+02 2.58117E-01 6.53143E+00 4.39321E+00 1.03222E-02 
1.42302E+01 1.62043E-04 1.93506E+00 1.63352E-01 7.03755E+00 2.34924E+02 1.12782E+02 2.55432E-01 6.34740E+00 4.26258E+00 1.00156E-02 
1.45617E+01 1.58985E-04 1.85092E+00 1.60364E-01 6.87183E+00 2.24908E+02 1.11783E+02 2.52922E-01 6.17329E+00 4.13915E+00 9.72428E-03 
1.49009E+01 1.56095E-04 1.77144E+00 1.57544E-01 6.71252E+00 2.15443E+02 1.10860E+02 2.50581E-01 6.00781E+00 4.02152E+00 9.44734E-03 
1.52480E+01 1.53363E-04 1.69649E+00 1.54882E-01 6.56172E+00 2.06514E+02 1.10011E+02 2.48406E-01 5.85000E+00 3.90970E+00 9.18416E-03 
1.56032E+01 1.50780E-04 1.62598E+00 1.52370E-01 6.41743E+00 1.98108E+02 1.09236E+02 2.46401E-01 5.70002E+00 3.80350E+00 8.93423E-03 
1.59666E+01 1.48338E-04 1.55981E+00 1.50001E-01 6.28254E+00 1.90217E+02 1.08535E+02 2.44567E-01 5.55814E+00 3.70273E+00 8.69711E-03 
1.63385E+01 1.46032E-04 1.49783E+00 1.47767E-01 6.15619E+00 1.82819E+02 1.07908E+02 2.42907E-01 5.42412E+00 3.60719E+00 8.47230E-03 
1.67191E+01 1.43853E-04 1.43981E+00 1.45660E-01 6.03829E+00 1.75890E+02 1.07355E+02 2.41417E-01 5.29747E+00 3.51664E+00 8.25925E-03 
1.71085E+01 1.41796E-04 1.38556E+00 1.43675E-01 5.92870E+00 1.69404E+02 1.06873E+02 2.40100E-01 5.17755E+00 3.43086E+00 8.05746E-03 
1.75070E+01 1.39855E-04 1.33487E+00 1.41806E-01 5.82734E+00 1.63340E+02 1.06464E+02 2.38955E-01 5.06383E+00 3.34967E+00 7.86649E-03 
1.79148E+01 1.38026E-04 1.28760E+00 1.40048E-01 5.73420E+00 1.57679E+02 1.06128E+02 2.37986E-01 4.95612E+00 3.27291E+00 7.68598E-03 
1.83321E+01 1.36303E-04 1.24357E+00 1.38397E-01 5.64921E+00 1.52401E+02 1.05865E+02 2.37195E-01 4.85440E+00 3.20044E+00 7.51555E-03 
1.87591E+01 1.34684E-04 1.20259E+00 1.36848E-01 5.57214E+00 1.47485E+02 1.05676E+02 2.36582E-01 4.75858E+00 3.13207E+00 7.35479E-03 
1.91961E+01 1.33163E-04 1.16444E+00 1.35397E-01 5.50269E+00 1.42906E+02 1.05559E+02 2.36146E-01 4.66854E+00 3.06755E+00 7.20324E-03 
1.96432E+01 1.31737E-04 1.12894E+00 1.34039E-01 5.44054E+00 1.38640E+02 1.05513E+02 2.35887E-01 4.58362E+00 3.00695E+00 7.06048E-03 
2.01008E+01 1.30401E-04 1.09591E+00 1.32772E-01 5.38546E+00 1.34668E+02 1.05539E+02 2.35804E-01 4.50372E+00 2.94984E+00 6.92613E-03 
2.05690E+01 1.29153E-04 1.06521E+00 1.31591E-01 5.33731E+00 1.30973E+02 1.05638E+02 2.35898E-01 4.42850E+00 2.89607E+00 6.79985E-03 
2.10481E+01 1.27990E-04 1.03670E+00 1.30494E-01 5.29592E+00 1.27540E+02 1.05808E+02 2.36172E-01 4.35788E+00 2.84553E+00 6.68134E-03 
2.15384E+01 1.26910E-04 1.01025E+00 1.29479E-01 5.26114E+00 1.24352E+02 1.06050E+02 2.36626E-01 4.29180E+00 2.79831E+00 6.57029E-03 
2.20400E+01 1.25908E-04 9.85718E-01 1.28541E-01 5.23274E+00 1.21393E+02 1.06365E+02 2.37260E-01 4.22996E+00 2.75407E+00 6.46634E-03 
2.25534E+01 1.24983E-04 9.62964E-01 1.27679E-01 5.21042E+00 1.18648E+02 1.06750E+02 2.38072E-01 4.17217E+00 2.71270E+00 6.36914E-03 
2.30788E+01 1.24131E-04 9.41854E-01 1.26890E-01 5.19393E+00 1.16099E+02 1.07206E+02 2.39060E-01 4.11821E+00 2.67404E+00 6.27834E-03 
2.36163E+01 1.23350E-04 9.22264E-01 1.26170E-01 5.18299E+00 1.13733E+02 1.07731E+02 2.40223E-01 4.06791E+00 2.63797E+00 6.19359E-03 
2.41664E+01 1.22636E-04 9.04083E-01 1.25518E-01 5.17739E+00 1.11537E+02 1.08324E+02 2.41558E-01 4.02107E+00 2.60434E+00 6.11458E-03 
2.47293E+01 1.21989E-04 8.87212E-01 1.24931E-01 5.17691E+00 1.09497E+02 1.08986E+02 2.43064E-01 3.97753E+00 2.57302E+00 6.04104E-03 
2.53054E+01 1.21405E-04 8.71559E-01 1.24406E-01 5.17865E+00 1.07605E+02 1.09715E+02 2.44669E-01 3.93714E+00 2.54392E+00 5.97268E-03 
2.58948E+01 1.20882E-04 8.57038E-01 1.23942E-01 5.17622E+00 1.05849E+02 1.10510E+02 2.46080E-01 3.89975E+00 2.51691E+00 5.90924E-03 
2.64980E+01 1.20417E-04 8.43565E-01 1.23537E-01 5.17449E+00 1.04220E+02 1.11371E+02 2.47358E-01 3.86520E+00 2.49189E+00 5.85047E-03 
2.71152E+01 1.20010E-04 8.31069E-01 1.23187E-01 5.17671E+00 1.02708E+02 1.12297E+02 2.48770E-01 3.83337E+00 2.46875E+00 5.79612E-03 
2.77468E+01 1.19659E-04 8.19490E-01 1.22893E-01 5.18273E+00 1.01308E+02 1.13289E+02 2.50317E-01 3.80413E+00 2.44741E+00 5.74601E-03 
2.83931E+01 1.19360E-04 8.08775E-01 1.22653E-01 5.19244E+00 1.00012E+02 1.14345E+02 2.51997E-01 3.77739E+00 2.42779E+00 5.69995E-03 
2.90544E+01 1.19114E-04 7.98878E-01 1.22464E-01 5.20575E+00 9.88155E+01 1.15467E+02 2.53809E-01 3.75306E+00 2.40984E+00 5.65779E-03 
2.97312E+01 1.18919E-04 7.89755E-01 1.22325E-01 5.22258E+00 9.77128E+01 1.16655E+02 2.55753E-01 3.73103E+00 2.39347E+00 5.61937E-03 
3.04237E+01 1.18774E-04 7.81365E-01 1.22236E-01 5.24284E+00 9.66991E+01 1.17908E+02 2.57827E-01 3.71124E+00 2.37864E+00 5.58455E-03 
3.11324E+01 1.18676E-04 7.73669E-01 1.22195E-01 5.26643E+00 9.57696E+01 1.19227E+02 2.60031E-01 3.69358E+00 2.36528E+00 5.55319E-03 
3.18576E+01 1.18626E-04 7.66626E-01 1.22200E-01 5.29326E+00 9.49196E+01 1.20611E+02 2.62363E-01 3.67798E+00 2.35333E+00 5.52513E-03 
3.25996E+01 1.18621E-04 7.60196E-01 1.22251E-01 5.32320E+00 9.41441E+01 1.22061E+02 2.64820E-01 3.66435E+00 2.34272E+00 5.50022E-03 
3.33590E+01 1.18660E-04 7.54340E-01 1.22346E-01 5.35613E+00 9.34386E+01 1.23576E+02 2.67401E-01 3.65260E+00 2.33340E+00 5.47832E-03 
3.41360E+01 1.18742E-04 7.49024E-01 1.22484E-01 5.39196E+00 9.27990E+01 1.25156E+02 2.70104E-01 3.64266E+00 2.32529E+00 5.45930E-03 
3.49311E+01 1.18866E-04 7.44221E-01 1.22664E-01 5.43061E+00 9.22219E+01 1.26802E+02 2.72927E-01 3.63447E+00 2.31837E+00 5.44305E-03 
3.57448E+01 1.19031E-04 7.39907E-01 1.22884E-01 5.47202E+00 9.17044E+01 1.28512E+02 2.75870E-01 3.62795E+00 2.31258E+00 5.42947E-03 
3.65774E+01 1.19236E-04 7.36061E-01 1.23145E-01 5.51617E+00 9.12442E+01 1.30289E+02 2.78932E-01 3.62308E+00 2.30790E+00 5.41847E-03 
3.74294E+01 1.19480E-04 7.32664E-01 1.23446E-01 5.56302E+00 9.08389E+01 1.32132E+02 2.82115E-01 3.61980E+00 2.30428E+00 5.40999E-03 
3.83012E+01 1.19763E-04 7.29699E-01 1.23785E-01 5.61256E+00 9.04865E+01 1.34042E+02 2.85417E-01 3.61806E+00 2.30171E+00 5.40395E-03 
3.91934E+01 1.20084E-04 7.27152E-01 1.24162E-01 5.66476E+00 9.01851E+01 1.36020E+02 2.88839E-01 3.61783E+00 2.30014E+00 5.40029E-03 
4.01063E+01 1.20442E-04 7.25008E-01 1.24577E-01 5.71961E+00 8.99331E+01 1.38067E+02 2.92381E-01 3.61908E+00 2.29957E+00 5.39894E-03 
4.10405E+01 1.20837E-04 7.23253E-01 1.25029E-01 5.77709E+00 8.97287E+01 1.40182E+02 2.96042E-01 3.62175E+00 2.29995E+00 5.39985E-03 
4.19964E+01 1.21268E-04 7.21872E-01 1.25517E-01 5.83717E+00 8.95701E+01 1.42367E+02 2.99824E-01 3.62583E+00 2.30126E+00 5.40294E-03 
4.29747E+01 1.21735E-04 7.20851E-01 1.26041E-01 5.89983E+00 8.94556E+01 1.44622E+02 3.03725E-01 3.63126E+00 2.30348E+00 5.40816E-03 
4.39757E+01 1.22236E-04 7.20175E-01 1.26599E-01 5.96502E+00 8.93835E+01 1.46947E+02 3.07744E-01 3.63801E+00 2.30658E+00 5.41544E-03 
4.50000E+01 1.22772E-04 7.19832E-01 1.27193E-01 6.03272E+00 8.93521E+01 1.49342E+02 3.11881E-01 3.64605E+00 2.31053E+00 5.42472E-03 
4.60482E+01 1.23341E-04 7.19807E-01 1.27820E-01 6.10288E+00 8.93600E+01 1.51809E+02 3.16136E-01 3.65533E+00 2.31531E+00 5.43594E-03 
4.71208E+01 1.23943E-04 7.20091E-01 1.28480E-01 6.17548E+00 8.94056E+01 1.54346E+02 3.20507E-01 3.66583E+00 2.32089E+00 5.44906E-03 
4.82184E+01 1.24577E-04 7.20672E-01 1.29173E-01 6.25049E+00 8.94878E+01 1.56956E+02 3.24995E-01 3.67753E+00 2.32726E+00 5.46402E-03 
4.93415E+01 1.25244E-04 7.21541E-01 1.29899E-01 6.32790E+00 8.96054E+01 1.59638E+02 3.29599E-01 3.69038E+00 2.33440E+00 5.48078E-03 
5.04908E+01 1.25942E-04 7.22689E-01 1.30657E-01 6.40769E+00 8.97574E+01 1.62393E+02 3.34319E-01 3.70438E+00 2.34229E+00 5.49930E-03 
5.16669E+01 1.26672E-04 7.24108E-01 1.31446E-01 6.48984E+00 8.99427E+01 1.65221E+02 3.39155E-01 3.71949E+00 2.35091E+00 5.51955E-03 
5.28704E+01 1.27432E-04 7.25792E-01 1.32266E-01 6.57435E+00 9.01605E+01 1.68123E+02 3.44107E-01 3.73569E+00 2.36025E+00 5.54148E-03 
5.41019E+01 1.28223E-04 7.27734E-01 1.33118E-01 6.66119E+00 9.04101E+01 1.71100E+02 3.49173E-01 3.75297E+00 2.37029E+00 5.56506E-03 
5.53621E+01 1.29044E-04 7.29927E-01 1.34000E-01 6.75038E+00 9.06906E+01 1.74151E+02 3.54356E-01 3.77130E+00 2.38103E+00 5.59027E-03 
5.66516E+01 1.29895E-04 7.32366E-01 1.34912E-01 6.84189E+00 9.10015E+01 1.77278E+02 3.59654E-01 3.79067E+00 2.39244E+00 5.61708E-03 
5.79712E+01 1.30775E-04 7.35046E-01 1.35854E-01 6.93573E+00 9.13420E+01 1.80482E+02 3.65067E-01 3.81107E+00 2.40453E+00 5.64546E-03 
5.93216E+01 1.31684E-04 7.37961E-01 1.36826E-01 7.03189E+00 9.17116E+01 1.83762E+02 3.70596E-01 3.83248E+00 2.41727E+00 5.67538E-03 
6.07033E+01 1.32623E-04 7.41108E-01 1.37828E-01 7.13036E+00 9.21096E+01 1.87119E+02 3.76240E-01 3.85487E+00 2.43067E+00 5.70683E-03 
6.21173E+01 1.33590E-04 7.44479E-01 1.38858E-01 7.23113E+00 9.25353E+01 1.90554E+02 3.81998E-01 3.87824E+00 2.44469E+00 5.73976E-03 
6.35642E+01 1.34585E-04 7.48071E-01 1.39918E-01 7.33417E+00 9.29882E+01 1.94067E+02 3.87872E-01 3.90257E+00 2.45935E+00 5.77417E-03 
6.50448E+01 1.35609E-04 7.51877E-01 1.41006E-01 7.43949E+00 9.34676E+01 1.97658E+02 3.93859E-01 3.92784E+00 2.47461E+00 5.81001E-03 
6.65599E+01 1.36660E-04 7.55893E-01 1.42122E-01 7.54705E+00 9.39728E+01 2.01328E+02 3.99960E-01 3.95404E+00 2.49048E+00 5.84726E-03 
6.81103E+01 1.37739E-04 7.60113E-01 1.43267E-01 7.65683E+00 9.45032E+01 2.05077E+02 4.06173E-01 3.98115E+00 2.50694E+00 5.88591E-03 
6.96967E+01 1.38845E-04 7.64534E-01 1.44439E-01 7.76883E+00 9.50584E+01 2.08905E+02 4.12499E-01 4.00916E+00 2.52399E+00 5.92593E-03 
7.13202E+01 1.39979E-04 7.69150E-01 1.45639E-01 7.88302E+00 9.56377E+01 2.12813E+02 4.18937E-01 4.03805E+00 2.54160E+00 5.96729E-03 
7.29815E+01 1.41139E-04 7.73958E-01 1.46867E-01 7.99939E+00 9.62407E+01 2.16801E+02 4.25486E-01 4.06782E+00 2.55979E+00 6.00997E-03 
7.46814E+01 1.42326E-04 7.78954E-01 1.48122E-01 8.11791E+00 9.68670E+01 2.20869E+02 4.32147E-01 4.09845E+00 2.57853E+00 6.05396E-03 
7.64210E+01 1.43539E-04 7.84134E-01 1.49404E-01 8.23859E+00 9.75161E+01 2.25017E+02 4.38917E-01 4.12994E+00 2.59781E+00 6.09925E-03 
7.82010E+01 1.44779E-04 7.89496E-01 1.50713E-01 8.36140E+00 9.81875E+01 2.29246E+02 4.45798E-01 4.16227E+00 2.61764E+00 6.14580E-03 
8.00226E+01 1.46045E-04 7.95036E-01 1.52050E-01 8.48633E+00 9.88811E+01 2.33555E+02 4.52788E-01 4.19543E+00 2.63801E+00 6.19362E-03 
8.18865E+01 1.47337E-04 8.00751E-01 1.53412E-01 8.61337E+00 9.95963E+01 2.37947E+02 4.59888E-01 4.22941E+00 2.65891E+00 6.24268E-03 
8.37939E+01 1.48655E-04 8.06640E-01 1.54802E-01 8.74251E+00 1.00333E+02 2.42420E+02 4.67098E-01 4.26422E+00 2.68034E+00 6.29297E-03 
8.57457E+01 1.49999E-04 8.12700E-01 1.56218E-01 8.87375E+00 1.01091E+02 2.46974E+02 4.74416E-01 4.29984E+00 2.70228E+00 6.34449E-03 
8.77430E+01 1.51369E-04 8.18928E-01 1.57661E-01 9.00707E+00 1.01870E+02 2.51611E+02 4.81843E-01 4.33627E+00 2.72474E+00 6.39723E-03 
8.97868E+01 1.52764E-04 8.25323E-01 1.59131E-01 9.14246E+00 1.02669E+02 2.56331E+02 4.89378E-01 4.37350E+00 2.74772E+00 6.45117E-03 
9.18782E+01 1.54185E-04 8.31883E-01 1.60627E-01 9.27994E+00 1.03489E+02 2.61133E+02 4.97022E-01 4.41152E+00 2.77121E+00 6.50630E-03 
9.40183E+01 1.55633E-04 8.38608E-01 1.62149E-01 9.41948E+00 1.04329E+02 2.66018E+02 5.04774E-01 4.45034E+00 2.79520E+00 6.56263E-03 
9.62083E+01 1.57105E-04 8.45495E-01 1.63698E-01 9.56109E+00 1.05189E+02 2.70987E+02 5.12635E-01 4.48995E+00 2.81970E+00 6.62014E-03 
9.84493E+01 1.58604E-04 8.52543E-01 1.65273E-01 9.70476E+00 1.06070E+02 2.76040E+02 5.20604E-01 4.53035E+00 2.84470E+00 6.67884E-03 
1.00742E+02 1.60128E-04 8.59752E-01 1.66875E-01 9.85050E+00 1.06970E+02 2.81177E+02 5.28682E-01 4.57154E+00 2.87021E+00 6.73871E-03 
1.03089E+02 1.61678E-04 8.67120E-01 1.68504E-01 9.99831E+00 1.07890E+02 2.86398E+02 5.36868E-01 4.61351E+00 2.89621E+00 6.79976E-03 
1.05490E+02 1.63254E-04 8.74647E-01 1.70159E-01 1.01482E+01 1.08829E+02 2.91704E+02 5.45162E-01 4.65626E+00 2.92271E+00 6.86197E-03 
1.07947E+02 1.64855E-04 8.82332E-01 1.71841E-01 1.03001E+01 1.09789E+02 2.97096E+02 5.53566E-01 4.69980E+00 2.94971E+00 6.92536E-03 
1.10462E+02 1.66483E-04 8.90174E-01 1.73550E-01 1.04541E+01 1.10768E+02 3.02572E+02 5.62078E-01 4.74412E+00 2.97721E+00 6.98991E-03 
1.13035E+02 1.68136E-04 8.98173E-01 1.75285E-01 1.06102E+01 1.11766E+02 3.08135E+02 5.70699E-01 4.78921E+00 3.00520E+00 7.05562E-03 
1.15668E+02 1.69815E-04 9.06329E-01 1.77048E-01 1.07683E+01 1.12783E+02 3.13783E+02 5.79430E-01 4.83509E+00 3.03369E+00 7.12250E-03 
1.18362E+02 1.71521E-04 9.14640E-01 1.78837E-01 1.09285E+01 1.13820E+02 3.19517E+02 5.88269E-01 4.88175E+00 3.06268E+00 7.19055E-03 
1.21119E+02 1.73252E-04 9.23107E-01 1.80654E-01 1.10908E+01 1.14877E+02 3.25339E+02 5.97219E-01 4.92919E+00 3.09216E+00 7.25976E-03 
1.23940E+02 1.75010E-04 9.31730E-01 1.82497E-01 1.12551E+01 1.15952E+02 3.31247E+02 6.06278E-01 4.97741E+00 3.12214E+00 7.33013E-03 
1.26827E+02 1.76794E-04 9.40507E-01 1.84368E-01 1.14215E+01 1.17047E+02 3.37242E+02 6.15447E-01 5.02642E+00 3.15261E+00 7.40167E-03 
1.29781E+02 1.78605E-04 9.49439E-01 1.86266E-01 1.15900E+01 1.18161E+02 3.43324E+02 6.24727E-01 5.07621E+00 3.18358E+00 7.47438E-03 
1.32804E+02 1.80442E-04 9.58526E-01 1.88192E-01 1.17606E+01 1.19294E+02 3.49495E+02 6.34117E-01 5.12678E+00 3.21505E+00 7.54825E-03 
1.35898E+02 1.82306E-04 9.67767E-01 1.90146E-01 1.19333E+01 1.20447E+02 3.55753E+02 6.43619E-01 5.17814E+00 3.24702E+00 7.62330E-03 
1.39063E+02 1.84197E-04 9.77164E-01 1.92127E-01 1.21081E+01 1.21618E+02 3.62100E+02 6.53232E-01 5.23030E+00 3.27949E+00 7.69951E-03 
1.42302E+02 1.86114E-04 9.86715E-01 1.94136E-01 1.22850E+01 1.22809E+02 3.68536E+02 6.62956E-01 5.28324E+00 3.31246E+00 7.77691E-03 
1.45617E+02 1.88059E-04 9.96421E-01 1.96174E-01 1.24640E+01 1.24019E+02 3.75060E+02 6.72794E-01 5.33698E+00 3.34593E+00 7.85548E-03 
1.49009E+02 1.90031E-04 1.00628E+00 1.98240E-01 1.26451E+01 1.25249E+02 3.81673E+02 6.82744E-01 5.39152E+00 3.37990E+00 7.93524E-03 
1.52480E+02 1.92031E-04 1.01630E+00 2.00334E-01 1.28284E+01 1.26497E+02 3.88377E+02 6.92807E-01 5.44685E+00 3.41439E+00 8.01619E-03 
1.56032E+02 1.94058E-04 1.02647E+00 2.02457E-01 1.30137E+01 1.27765E+02 3.95170E+02 7.02984E-01 5.50300E+00 3.44938E+00 8.09833E-03 
1.59666E+02 1.96113E-04 1.03680E+00 2.04609E-01 1.32012E+01 1.29053E+02 4.02053E+02 7.13276E-01 5.55995E+00 3.48488E+00 8.18167E-03 
1.63385E+02 1.98195E-04 1.04729E+00 2.06789E-01 1.33909E+01 1.30360E+02 4.09027E+02 7.23683E-01 5.61771E+00 3.52089E+00 8.26621E-03 
1.67191E+02 2.00306E-04 1.05793E+00 2.09000E-01 1.35828E+01 1.31686E+02 4.16092E+02 7.34205E-01 5.67630E+00 3.55742E+00 8.35196E-03 
1.71085E+02 2.02446E-04 1.06873E+00 2.11239E-01 1.37768E+01 1.33033E+02 4.23248E+02 7.44844E-01 5.73570E+00 3.59446E+00 8.43893E-03 
1.75070E+02 2.04613E-04 1.07969E+00 2.13508E-01 1.39730E+01 1.34398E+02 4.30496E+02 7.55601E-01 5.79593E+00 3.63203E+00 8.52712E-03 
1.79148E+02 2.06810E-04 1.09081E+00 2.15807E-01 1.41714E+01 1.35784E+02 4.37836E+02 7.66475E-01 5.85699E+00 3.67012E+00 8.61654E-03 
1.83321E+02 2.09035E-04 1.10209E+00 2.18137E-01 1.43720E+01 1.37190E+02 4.45268E+02 7.77468E-01 5.91888E+00 3.70874E+00 8.70720E-03 
1.87591E+02 2.11290E-04 1.11353E+00 2.20496E-01 1.45748E+01 1.38615E+02 4.52793E+02 7.88580E-01 5.98162E+00 3.74789E+00 8.79910E-03 
1.91961E+02 2.13574E-04 1.12513E+00 2.22887E-01 1.47799E+01 1.40061E+02 4.60411E+02 7.99813E-01 6.04521E+00 3.78757E+00 8.89225E-03 
1.96432E+02 2.15888E-04 1.13689E+00 2.25308E-01 1.49872E+01 1.41526E+02 4.68123E+02 8.11167E-01 6.10965E+00 3.82778E+00 8.98667E-03 
2.01008E+02 2.18232E-04 1.14882E+00 2.27760E-01 1.51968E+01 1.43012E+02 4.75929E+02 8.22643E-01 6.17495E+00 3.86854E+00 9.08235E-03 
2.05690E+02 2.20606E-04 1.16091E+00 2.30244E-01 1.54087E+01 1.44519E+02 4.83829E+02 8.34242E-01 6.24111E+00 3.90985E+00 9.17931E-03 
2.10481E+02 2.23011E-04 1.17316E+00 2.32760E-01 1.56229E+01 1.46046E+02 4.91825E+02 8.45966E-01 6.30815E+00 3.95170E+00 9.27756E-03 
2.15384E+02 2.25446E-04 1.18559E+00 2.35307E-01 1.58395E+01 1.47594E+02 4.99916E+02 8.57814E-01 6.37606E+00 3.99410E+00 9.37711E-03 
2.20400E+02 2.27912E-04 1.19818E+00 2.37887E-01 1.60583E+01 1.49162E+02 5.08103E+02 8.69789E-01 6.44487E+00 4.03706E+00 9.47796E-03 
2.25534E+02 2.30409E-04 1.21093E+00 2.40500E-01 1.62796E+01 1.50752E+02 5.16387E+02 8.81891E-01 6.51456E+00 4.08059E+00 9.58014E-03 
2.30788E+02 2.32938E-04 1.22386E+00 2.43145E-01 1.65032E+01 1.52362E+02 5.24767E+02 8.94122E-01 6.58516E+00 4.12467E+00 9.68364E-03 
2.36163E+02 2.35499E-04 1.23696E+00 2.45823E-01 1.67292E+01 1.53994E+02 5.33245E+02 9.06482E-01 6.65667E+00 4.16933E+00 9.78848E-03 
2.41664E+02 2.38092E-04 1.25023E+00 2.48535E-01 1.69576E+01 1.55648E+02 5.41822E+02 9.18973E-01 6.72909E+00 4.21457E+00 9.89467E-03 
2.47293E+02 2.40717E-04 1.26368E+00 2.51281E-01 1.71885E+01 1.57323E+02 5.50497E+02 9.31597E-01 6.80244E+00 4.26038E+00 1.00022E-02 
2.53054E+02 2.43375E-04 1.27730E+00 2.54061E-01 1.74219E+01 1.59019E+02 5.59271E+02 9.44353E-01 6.87672E+00 4.30678E+00 1.01112E-02 
2.58948E+02 2.46066E-04 1.29110E+00 2.56875E-01 1.76577E+01 1.60738E+02 5.68145E+02 9.57245E-01 6.95194E+00 4.35378E+00 1.02215E-02 
2.64980E+02 2.48791E-04 1.30507E+00 2.59724E-01 1.78960E+01 1.62479E+02 5.77120E+02 9.70272E-01 7.02811E+00 4.40136E+00 1.03332E-02 
2.71152E+02 2.51549E-04 1.31923E+00 2.62608E-01 1.81369E+01 1.64242E+02 5.86197E+02 9.83436E-01 7.10524E+00 4.44955E+00 1.04463E-02 
2.77468E+02 2.54341E-04 1.33356E+00 2.65528E-01 1.83804E+01 1.66028E+02 5.95375E+02 9.96740E-01 7.18334E+00 4.49835E+00 1.05609E-02 
2.83931E+02 2.57168E-04 1.34808E+00 2.68484E-01 1.86264E+01 1.67837E+02 6.04656E+02 1.01018E+00 7.26241E+00 4.54776E+00 1.06769E-02 
2.90544E+02 2.60029E-04 1.36279E+00 2.71476E-01 1.88751E+01 1.69669E+02 6.14040E+02 1.02377E+00 7.34248E+00 4.59778E+00 1.07943E-02 
2.97312E+02 2.62926E-04 1.37768E+00 2.74504E-01 1.91264E+01 1.71523E+02 6.23529E+02 1.03750E+00 7.42354E+00 4.64844E+00 1.09132E-02 
3.04237E+02 2.65858E-04 1.39275E+00 2.77570E-01 1.93804E+01 1.73402E+02 6.33122E+02 1.05137E+00 7.50560E+00 4.69972E+00 1.10336E-02 
3.11324E+02 2.68825E-04 1.40802E+00 2.80673E-01 1.96371E+01 1.75303E+02 6.42821E+02 1.06539E+00 7.58868E+00 4.75164E+00 1.11555E-02 
3.18576E+02 2.71829E-04 1.42348E+00 2.83813E-01 1.98965E+01 1.77229E+02 6.52626E+02 1.07956E+00 7.67279E+00 4.80420E+00 1.12789E-02 
3.25996E+02 2.74870E-04 1.43913E+00 2.86992E-01 2.01587E+01 1.79179E+02 6.62539E+02 1.09387E+00 7.75793E+00 4.85742E+00 1.14038E-02 
3.33590E+02 2.77947E-04 1.45498E+00 2.90210E-01 2.04236E+01 1.81153E+02 6.72560E+02 1.10834E+00 7.84412E+00 4.91129E+00 1.15303E-02 
3.41360E+02 2.81062E-04 1.47103E+00 2.93466E-01 2.06914E+01 1.83151E+02 6.82690E+02 1.12296E+00 7.93136E+00 4.96582E+00 1.16583E-02 
3.49311E+02 2.84215E-04 1.48727E+00 2.96761E-01 2.09620E+01 1.85174E+02 6.92929E+02 1.13774E+00 8.01968E+00 5.02102E+00 1.17879E-02 
3.57448E+02 2.87405E-04 1.50372E+00 3.00097E-01 2.12355E+01 1.87223E+02 7.03280E+02 1.15267E+00 8.10907E+00 5.07690E+00 1.19191E-02 
3.65774E+02 2.90635E-04 1.52036E+00 3.03473E-01 2.15119E+01 1.89296E+02 7.13742E+02 1.16776E+00 8.19956E+00 5.13346E+00 1.20519E-02 
3.74294E+02 2.93903E-04 1.53722E+00 3.06889E-01 2.17913E+01 1.91396E+02 7.24317E+02 1.18301E+00 8.29115E+00 5.19071E+00 1.21863E-02 
3.83012E+02 2.97210E-04 1.55428E+00 3.10346E-01 2.20736E+01 1.93520E+02 7.35005E+02 1.19842E+00 8.38385E+00 5.24866E+00 1.23223E-02 
3.91934E+02 3.00557E-04 1.57155E+00 3.13845E-01 2.23590E+01 1.95671E+02 7.45808E+02 1.21399E+00 8.47767E+00 5.30731E+00 1.24600E-02 
4.01063E+02 3.03945E-04 1.58903E+00 3.17386E-01 2.26474E+01 1.97849E+02 7.56727E+02 1.22973E+00 8.57264E+00 5.36668E+00 1.25994E-02 
4.10405E+02 3.07373E-04 1.60672E+00 3.20969E-01 2.29389E+01 2.00053E+02 7.67762E+02 1.24564E+00 8.66875E+00 5.42677E+00 1.27404E-02 
4.19964E+02 3.10842E-04 1.62463E+00 3.24596E-01 2.32335E+01 2.02283E+02 7.78915E+02 1.26172E+00 8.76602E+00 5.48758E+00 1.28832E-02 
4.29747E+02 3.14353E-04 1.64276E+00 3.28265E-01 2.35312E+01 2.04541E+02 7.90187E+02 1.27796E+00 8.86447E+00 5.54913E+00 1.30277E-02 
4.39757E+02 3.17906E-04 1.66111E+00 3.31978E-01 2.38322E+01 2.06827E+02 8.01579E+02 1.29438E+00 8.96411E+00 5.61142E+00 1.31739E-02 
4.50000E+02 3.21501E-04 1.67969E+00 3.35736E-01 2.41364E+01 2.09140E+02 8.13091E+02 1.31098E+00 9.06494E+00 5.67446E+00 1.33219E-02 
4.60482E+02 3.25139E-04 1.69848E+00 3.39539E-01 2.44438E+01 2.11481E+02 8.24726E+02 1.32775E+00 9.16698E+00 5.73826E+00 1.34717E-02 
4.71208E+02 3.28820E-04 1.71751E+00 3.43386E-01 2.47545E+01 2.13851E+02 8.36485E+02 1.34471E+00 9.27025E+00 5.80283E+00 1.36233E-02 
4.82184E+02 3.32546E-04 1.73676E+00 3.47280E-01 2.50686E+01 2.16249E+02 8.48368E+02 1.36184E+00 9.37476E+00 5.86818E+00 1.37767E-02 
4.93415E+02 3.36315E-04 1.75625E+00 3.51220E-01 2.53861E+01 2.18676E+02 8.60376E+02 1.37916E+00 9.48053E+00 5.93431E+00 1.39320E-02 
5.04908E+02 3.40130E-04 1.77597E+00 3.55207E-01 2.57070E+01 2.21132E+02 8.72512E+02 1.39666E+00 9.58755E+00 6.00123E+00 1.40891E-02 
5.16669E+02 3.43990E-04 1.79593E+00 3.59241E-01 2.60313E+01 2.23618E+02 8.84776E+02 1.41435E+00 9.69586E+00 6.06895E+00 1.42480E-02 
5.28704E+02 3.47895E-04 1.81613E+00 3.63322E-01 2.63592E+01 2.26133E+02 8.97170E+02 1.43224E+00 9.80546E+00 6.13749E+00 1.44089E-02 
5.41019E+02 3.51847E-04 1.83657E+00 3.67453E-01 2.66906E+01 2.28679E+02 9.09694E+02 1.45031E+00 9.91637E+00 6.20684E+00 1.45718E-02 
5.53621E+02 3.55846E-04 1.85726E+00 3.71632E-01 2.70256E+01 2.31256E+02 9.22351E+02 1.46858E+00 1.00286E+01 6.27702E+00 1.47365E-02 
5.66516E+02 3.59892E-04 1.87819E+00 3.75860E-01 2.73642E+01 2.33863E+02 9.35142E+02 1.48705E+00 1.01422E+01 6.34803E+00 1.49032E-02 
5.79712E+02 3.63986E-04 1.89938E+00 3.80139E-01 2.77064E+01 2.36502E+02 9.48067E+02 1.50571E+00 1.02571E+01 6.41990E+00 1.50719E-02 
5.93216E+02 3.68129E-04 1.92082E+00 3.84468E-01 2.80524E+01 2.39172E+02 9.61129E+02 1.52458E+00 1.03734E+01 6.49261E+00 1.52426E-02 
6.07033E+02 3.72321E-04 1.94252E+00 3.88849E-01 2.84022E+01 2.41874E+02 9.74329E+02 1.54365E+00 1.04910E+01 6.56620E+00 1.54154E-02 
6.21173E+02 3.76562E-04 1.96447E+00 3.93281E-01 2.87558E+01 2.44608E+02 9.87668E+02 1.56293E+00 1.06101E+01 6.64065E+00 1.55902E-02 
6.35642E+02 3.80853E-04 1.98669E+00 3.97765E-01 2.91132E+01 2.47375E+02 1.00115E+03 1.58242E+00 1.07306E+01 6.71600E+00 1.57671E-02 
6.50448E+02 3.85195E-04 2.00917E+00 4.02303E-01 2.94745E+01 2.50175E+02 1.01477E+03 1.60212E+00 1.08525E+01 6.79223E+00 1.59460E-02 
6.65599E+02 3.89588E-04 2.03191E+00 4.06894E-01 2.98397E+01 2.53008E+02 1.02854E+03 1.62203E+00 1.09758E+01 6.86937E+00 1.61271E-02 
6.81103E+02 3.94033E-04 2.05493E+00 4.11538E-01 3.02089E+01 2.55874E+02 1.04245E+03 1.64216E+00 1.11006E+01 6.94743E+00 1.63104E-02 
6.96967E+02 3.98530E-04 2.07823E+00 4.16238E-01 3.05822E+01 2.58775E+02 1.05651E+03 1.66251E+00 1.12269E+01 7.02640E+00 1.64958E-02 
7.13202E+02 4.03080E-04 2.10180E+00 4.20993E-01 3.09596E+01 2.61711E+02 1.07071E+03 1.68309E+00 1.13547E+01 7.10632E+00 1.66834E-02 
7.29815E+02 4.07684E-04 2.12565E+00 4.25804E-01 3.13411E+01 2.64681E+02 1.08507E+03 1.70388E+00 1.14840E+01 7.18718E+00 1.68732E-02 
7.46814E+02 4.12342E-04 2.14978E+00 4.30671E-01 3.17267E+01 2.67686E+02 1.09958E+03 1.72491E+00 1.16148E+01 7.26899E+00 1.70653E-02 
7.64210E+02 4.17055E-04 2.17420E+00 4.35596E-01 3.21166E+01 2.70727E+02 1.11424E+03 1.74616E+00 1.17472E+01 7.35177E+00 1.72596E-02 
7.82010E+02 4.21823E-04 2.19890E+00 4.40579E-01 3.25108E+01 2.73804E+02 1.12906E+03 1.76765E+00 1.18811E+01 7.43553E+00 1.74563E-02 
8.00226E+02 4.26647E-04 2.22390E+00 4.45620E-01 3.29094E+01 2.76917E+02 1.14404E+03 1.78937E+00 1.20166E+01 7.52028E+00 1.76552E-02 
8.18865E+02 4.31528E-04 2.24920E+00 4.50720E-01 3.33123E+01 2.80068E+02 1.15917E+03 1.81134E+00 1.21537E+01 7.60602E+00 1.78565E-02 
8.37939E+02 4.36466E-04 2.27479E+00 4.55880E-01 3.37196E+01 2.83255E+02 1.17447E+03 1.83354E+00 1.22924E+01 7.69278E+00 1.80602E-02 
8.57457E+02 4.41462E-04 2.30069E+00 4.61101E-01 3.41315E+01 2.86480E+02 1.18993E+03 1.85599E+00 1.24328E+01 7.78056E+00 1.82663E-02 
8.77430E+02 4.46517E-04 2.32689E+00 4.66383E-01 3.45478E+01 2.89743E+02 1.20555E+03 1.87868E+00 1.25747E+01 7.86937E+00 1.84748E-02 
8.97868E+02 4.51631E-04 2.35340E+00 4.71726E-01 3.49688E+01 2.93045E+02 1.22134E+03 1.90163E+00 1.27184E+01 7.95923E+00 1.86857E-02 
9.18782E+02 4.56805E-04 2.38023E+00 4.77133E-01 3.53945E+01 2.96386E+02 1.23729E+03 1.92483E+00 1.28638E+01 8.05015E+00 1.88992E-02 
9.40183E+02 4.62040E-04 2.40737E+00 4.82603E-01 3.58248E+01 2.99766E+02 1.25342E+03 1.94828E+00 1.30108E+01 8.14213E+00 1.91151E-02 
9.62083E+02 4.67336E-04 2.43483E+00 4.88136E-01 3.62600E+01 3.03185E+02 1.26972E+03 1.97199E+00 1.31596E+01 8.23520E+00 1.93336E-02 
9.84493E+02 4.72694E-04 2.46261E+00 4.93735E-01 3.66999E+01 3.06645E+02 1.28619E+03 1.99597E+00 1.33102E+01 8.32936E+00 1.95547E-02 
1.00742E+03 4.78114E-04 2.49072E+00 4.99399E-01 3.71447E+01 3.10146E+02 1.30284E+03 2.02021E+00 1.34625E+01 8.42463E+00 1.97783E-02 
1.03089E+03 4.83599E-04 2.51917E+00 5.05130E-01 3.75945E+01 3.13688E+02 1.31967E+03 2.04472E+00 1.36166E+01 8.52101E+00 2.00046E-02 
1.05490E+03 4.89147E-04 2.54794E+00 5.10927E-01 3.80493E+01 3.17272E+02 1.33667E+03 2.06950E+00 1.37725E+01 8.61853E+00 2.02335E-02 
1.07947E+03 4.94760E-04 2.57706E+00 5.16792E-01 3.85091E+01 3.20898E+02 1.35386E+03 2.09456E+00 1.39302E+01 8.71719E+00 2.04652E-02 
1.10462E+03 5.00439E-04 2.60651E+00 5.22726E-01 3.89741E+01 3.24566E+02 1.37124E+03 2.11990E+00 1.40898E+01 8.81700E+00 2.06995E-02 
1.13035E+03 5.06185E-04 2.63632E+00 5.28729E-01 3.94442E+01 3.28278E+02 1.38880E+03 2.14551E+00 1.42513E+01 8.91799E+00 2.09366E-02 
1.15668E+03 5.11997E-04 2.66647E+00 5.34803E-01 3.99196E+01 3.32033E+02 1.40654E+03 2.17142E+00 1.44146E+01 9.02016E+00 2.11764E-02 
1.18362E+03 5.17878E-04 2.69698E+00 5.40947E-01 4.04003E+01 3.35832E+02 1.42448E+03 2.19761E+00 1.45799E+01 9.12353E+00 2.14191E-02 
1.21119E+03 5.23827E-04 2.72784E+00 5.47163E-01 4.08863E+01 3.39676E+02 1.44262E+03 2.22409E+00 1.47470E+01 9.22811E+00 2.16646E-02 
1.23940E+03 5.29846E-04 2.75907E+00 5.53452E-01 4.13778E+01 3.43565E+02 1.46095E+03 2.25087E+00 1.49162E+01 9.33391E+00 2.19130E-02 
