5.00000E+00 4.46735E-03 1.27019E+02 4.55724E+00 1.76692E+02 1.53865E+04 1.75601E+03 3.96568E+00 2.49929E+02 1.73322E+02 3.98461E-01 
5.11646E+00 3.58561E-03 1.00531E+02 3.64330E+00 1.43534E+02 1.22052E+04 1.42978E+03 3.23700E+00 1.99181E+02 1.38105E+02 3.18294E-01 
5.23564E+00 2.94110E-03 8.09712E+01 2.98000E+00 1.17680E+02 9.85894E+03 1.18719E+03 2.69989E+00 1.61882E+02 1.12217E+02 2.59819E-01 
5.35760E+00 2.45364E-03 6.68663E+01 2.48104E+00 1.00403E+02 8.13253E+03 1.00561E+03 2.29030E+00 1.34223E+02 9.30251E+01 2.15717E-01 
5.48239E+00 2.07529E-03 5.65697E+01 2.09448E+00 8.59299E+01 6.80392E+03 8.63973E+02 1.96979E+00 1.12883E+02 7.82192E+01 1.81587E-01 
5.61009E+00 1.77769E-03 4.80670E+01 1.79079E+00 7.43758E+01 5.75212E+03 7.50627E+02 1.71556E+00 9.60068E+01 6.65094E+01 1.54795E-01 
5.74077E+00 1.54183E-03 4.11041E+01 1.55066E+00 6.51929E+01 4.92859E+03 6.60809E+02 1.51244E+00 8.27405E+01 5.76334E+01 1.33576E-01 
5.87449E+00 1.35301E-03 3.56429E+01 1.35894E+00 5.77976E+01 4.27324E+03 5.88833E+02 1.34864E+00 7.21797E+01 5.00684E+01 1.16591E-01 
6.01132E+00 1.19986E-03 3.12140E+01 1.20384E+00 5.17103E+01 3.73817E+03 5.29746E+02 1.21492E+00 6.35753E+01 4.40126E+01 1.02813E-01 
6.15134E+00 1.07386E-03 2.75747E+01 1.07651E+00 4.66738E+01 3.30042E+03 4.81115E+02 1.10424E+00 5.65308E+01 3.91305E+01 9.14769E-02 
6.29463E+00 9.68696E-04 2.45409E+01 9.70457E-01 4.24503E+01 2.93780E+03 4.40566E+02 1.01140E+00 5.06849E+01 3.50591E+01 8.20224E-02 
6.44125E+00 8.79823E-04 2.19827E+01 8.80958E-01 3.88514E+01 2.63047E+03 4.05955E+02 9.32545E-01 4.57294E+01 3.16246E+01 7.40387E-02 
6.59128E+00 8.03859E-04 1.98026E+01 8.04565E-01 3.57604E+01 2.36862E+03 3.76309E+02 8.64832E-01 4.15133E+01 2.87001E+01 6.72226E-02 
6.74481E+00 7.38313E-04 1.79275E+01 7.38715E-01 3.30762E+01 2.14492E+03 3.50776E+02 8.06148E-01 3.78854E+01 2.61810E+01 6.13493E-02 
6.90192E+00 6.81287E-04 1.63018E+01 6.81476E-01 3.07260E+01 1.95015E+03 3.28364E+02 7.54879E-01 3.47274E+01 2.39945E+01 5.62470E-02 
7.06269E+00 6.31327E-04 1.48824E+01 6.31367E-01 2.86560E+01 1.77979E+03 3.08652E+02 7.09779E-01 3.19786E+01 2.20826E+01 5.17832E-02 
7.22720E+00 5.87301E-04 1.36356E+01 5.87234E-01 2.68211E+01 1.63124E+03 2.91336E+02 6.69881E-01 2.95523E+01 2.04007E+01 4.78545E-02 
7.39554E+00 5.48313E-04 1.25345E+01 5.48175E-01 2.51855E+01 1.49962E+03 2.75887E+02 6.34416E-01 2.74105E+01 1.89139E+01 4.43788E-02 
7.56781E+00 5.13635E-04 1.15575E+01 5.13457E-01 2.37210E+01 1.38239E+03 2.62066E+02 6.02763E-01 2.55064E+01 1.75928E+01 4.12896E-02 
7.74408E+00 4.82682E-04 1.06866E+01 4.82477E-01 2.24038E+01 1.27867E+03 2.49776E+02 5.74409E-01 2.38093E+01 1.64142E+01 3.85325E-02 
7.92447E+00 4.54948E-04 9.90730E+00 4.54735E-01 2.12145E+01 1.18572E+03 2.38723E+02 5.48928E-01 2.22881E+01 1.53587E+01 3.60619E-02 
8.10905E+00 4.30018E-04 9.20682E+00 4.29819E-01 2.01378E+01 1.10177E+03 2.28714E+02 5.25961E-01 2.09215E+01 1.44104E+01 3.38401E-02 
8.29793E+00 4.07548E-04 8.57584E+00 4.07362E-01 1.91548E+01 1.02655E+03 2.19726E+02 5.05206E-01 1.96893E+01 1.35535E+01 3.18354E-02 
8.49122E+00 3.87231E-04 8.00455E+00 3.87075E-01 1.82609E+01 9.58472E+02 2.11593E+02 4.86399E-01 1.85739E+01 1.27793E+01 3.00203E-02 
8.68900E+00 3.68802E-04 7.48551E+00 3.68683E-01 1.74424E+01 8.96462E+02 2.04178E+02 4.69310E-01 1.75615E+01 1.20764E+01 2.83715E-02 
8.89140E+00 3.52036E-04 7.01342E+00 3.51963E-01 1.66873E+01 8.40166E+02 1.97446E+02 4.53736E-01 1.66394E+01 1.14356E+01 2.68685E-02 
9.09850E+00 3.36724E-04 6.58171E+00 3.36700E-01 1.59922E+01 7.88724E+02 1.91307E+02 4.39499E-01 1.57965E+01 1.08489E+01 2.54938E-02 
9.31044E+00 3.22698E-04 6.18611E+00 3.22729E-01 1.53492E+01 7.41544E+02 1.85674E+02 4.26447E-01 1.50236E+01 1.03108E+01 2.42325E-02 
9.52730E+00 3.09813E-04 5.82258E+00 3.09902E-01 1.47526E+01 6.98162E+02 1.80500E+02 4.14452E-01 1.43128E+01 9.81620E+00 2.30718E-02 
9.74922E+00 2.97945E-04 5.48767E+00 2.98093E-01 1.41976E+01 6.58314E+02 1.75756E+02 4.03402E-01 1.36573E+01 9.36010E+00 2.20009E-02 
9.97631E+00 2.86987E-04 5.17840E+00 2.87197E-01 1.36798E+01 6.21458E+02 1.71374E+02 3.93202E-01 1.30515E+01 8.93852E+00 2.10102E-02 
1.02087E+01 2.76848E-04 4.89221E+00 2.77120E-01 1.31957E+01 5.87315E+02 1.67322E+02 3.83768E-01 1.24902E+01 8.54762E+00 2.00918E-02 
1.04465E+01 2.67448E-04 4.62685E+00 2.67784E-01 1.27421E+01 5.55768E+02 1.63589E+02 3.75029E-01 1.19689E+01 8.18496E+00 1.92384E-02 
1.06898E+01 2.58718E-04 4.38037E+00 2.59119E-01 1.23164E+01 5.26363E+02 1.60121E+02 3.66924E-01 1.14841E+01 7.84619E+00 1.84439E-02 
1.09388E+01 2.50593E-04 4.15085E+00 2.51060E-01 1.19166E+01 4.99054E+02 1.56910E+02 3.59389E-01 1.10324E+01 7.53096E+00 1.77026E-02 
1.11936E+01 2.43023E-04 3.93706E+00 2.43556E-01 1.15389E+01 4.73599E+02 1.53932E+02 3.52386E-01 1.06104E+01 7.23630E+00 1.70101E-02 
1.14543E+01 2.35958E-04 3.73746E+00 2.36559E-01 1.11823E+01 4.49819E+02 1.51162E+02 3.45864E-01 1.02156E+01 6.96040E+00 1.63618E-02 
1.17211E+01 2.29353E-04 3.55083E+00 2.30024E-01 1.08455E+01 4.27608E+02 1.48591E+02 3.39785E-01 9.84621E+00 6.70188E+00 1.57539E-02 
1.19942E+01 2.23171E-04 3.37601E+00 2.23912E-01 1.05264E+01 4.06813E+02 1.46199E+02 3.34114E-01 9.49957E+00 6.45906E+00 1.51830E-02 
1.22735E+01 2.17380E-04 3.21237E+00 2.18190E-01 1.02246E+01 3.87320E+02 1.43971E+02 3.28819E-01 9.17372E+00 6.23089E+00 1.46461E-02 
1.25594E+01 2.11945E-04 3.05871E+00 2.12826E-01 9.93757E+00 3.69036E+02 1.41900E+02 3.23872E-01 8.86705E+00 6.01590E+00 1.41404E-02 
1.28520E+01 2.06840E-04 2.91434E+00 2.07794E-01 9.66418E+00 3.51852E+02 1.39971E+02 3.19249E-01 8.57787E+00 5.81321E+00 1.36635E-02 
1.31513E+01 2.02039E-04 2.77858E+00 2.03067E-01 9.40350E+00 3.35694E+02 1.38175E+02 3.14926E-01 8.30510E+00 5.62187E+00 1.32132E-02 
1.34577E+01 1.97522E-04 2.65078E+00 1.98623E-01 9.15669E+00 3.20489E+02 1.36504E+02 3.10882E-01 8.04783E+00 5.44059E+00 1.27875E-02 
1.37711E+01 1.93265E-04 2.53037E+00 1.94442E-01 8.92312E+00 3.06162E+02 1.34949E+02 3.07100E-01 7.80489E+00 5.26954E+00 1.23846E-02 
1.40919E+01 1.89252E-04 2.41683E+00 1.90505E-01 8.69918E+00 2.92652E+02 1.33503E+02 3.03561E-01 7.57531E+00 5.10761E+00 1.20029E-02 
1.44202E+01 1.85466E-04 2.30968E+00 1.86796E-01 8.48587E+00 2.79902E+02 1.32160E+02 3.00253E-01 7.35791E+00 4.95381E+00 1.16408E-02 
1.47560E+01 1.81891E-04 2.20848E+00 1.83299E-01 8.28150E+00 2.67861E+02 1.30914E+02 2.97159E-01 7.15185E+00 4.80782E+00 1.12972E-02 
1.50998E+01 1.78512E-04 2.11288E+00 1.80000E-01 8.08356E+00 2.56484E+02 1.29759E+02 2.94270E-01 6.95553E+00 4.66913E+00 1.09706E-02 
1.54515E+01 1.75319E-04 2.02254E+00 1.76888E-01 7.89667E+00 2.45734E+02 1.28692E+02 2.91575E-01 6.76927E+00 4.53729E+00 1.06602E-02 
1.58114E+01 1.72298E-04 1.93715E+00 1.73949E-01 7.71820E+00 2.35571E+02 1.27708E+02 2.89066E-01 6.59273E+00 4.41186E+00 1.03649E-02 
1.61797E+01 1.69441E-04 1.85649E+00 1.71175E-01 7.54805E+00 2.25966E+02 1.26805E+02 2.86737E-01 6.42502E+00 4.29251E+00 1.00839E-02 
1.65566E+01 1.66736E-04 1.78039E+00 1.68554E-01 7.38637E+00 2.16903E+02 1.25981E+02 2.84587E-01 6.26571E+00 4.17896E+00 9.81656E-03 
1.69422E+01 1.64178E-04 1.70872E+00 1.66080E-01 7.23335E+00 2.08360E+02 1.25235E+02 2.82616E-01 6.11442E+00 4.07098E+00 9.56238E-03 
1.73368E+01 1.61759E-04 1.64134E+00 1.63746E-01 7.08925E+00 2.00326E+02 1.24568E+02 2.80828E-01 5.97086E+00 3.96838E+00 9.32090E-03 
1.77407E+01 1.59473E-04 1.57815E+00 1.61546E-01 6.95431E+00 1.92785E+02 1.23981E+02 2.79226E-01 5.83473E+00 3.87100E+00 9.09173E-03 
1.81539E+01 1.57314E-04 1.51898E+00 1.59472E-01 6.82868E+00 1.85720E+02 1.23474E+02 2.77814E-01 5.70579E+00 3.77867E+00 8.87448E-03 
1.85768E+01 1.55277E-04 1.46368E+00 1.57520E-01 6.71236E+00 1.79110E+02 1.23048E+02 2.76595E-01 5.58377E+00 3.69123E+00 8.66876E-03 
1.90095E+01 1.53357E-04 1.41205E+00 1.55685E-01 6.60524E+00 1.72934E+02 1.22702E+02 2.75573E-01 5.46838E+00 3.60850E+00 8.47414E-03 
1.94523E+01 1.51549E-04 1.36389E+00 1.53962E-01 6.50724E+00 1.67169E+02 1.22439E+02 2.74748E-01 5.35940E+00 3.53032E+00 8.29025E-03 
1.99054E+01 1.49851E-04 1.31906E+00 1.52347E-01 6.41831E+00 1.61795E+02 1.22258E+02 2.74127E-01 5.25660E+00 3.45654E+00 8.11675E-03 
2.03690E+01 1.48258E-04 1.27741E+00 1.50836E-01 6.33857E+00 1.56800E+02 1.22163E+02 2.73716E-01 5.15982E+00 3.38707E+00 7.95342E-03 
2.08435E+01 1.46769E-04 1.23885E+00 1.49427E-01 6.26819E+00 1.52170E+02 1.22155E+02 2.73524E-01 5.06894E+00 3.32183E+00 7.80007E-03 
2.13290E+01 1.45380E-04 1.20322E+00 1.48118E-01 6.20706E+00 1.47887E+02 1.22236E+02 2.73555E-01 4.98377E+00 3.26070E+00 7.65639E-03 
2.18258E+01 1.44088E-04 1.17028E+00 1.46904E-01 6.15472E+00 1.43925E+02 1.22405E+02 2.73808E-01 4.90404E+00 3.20346E+00 7.52188E-03 
2.23342E+01 1.42888E-04 1.13979E+00 1.45781E-01 6.11056E+00 1.40256E+02 1.22661E+02 2.74277E-01 4.82942E+00 3.14983E+00 7.39599E-03 
2.28544E+01 1.41777E-04 1.11153E+00 1.44746E-01 6.07398E+00 1.36852E+02 1.23000E+02 2.74955E-01 4.75962E+00 3.09977E+00 7.27817E-03 
2.33868E+01 1.40750E-04 1.08529E+00 1.43794E-01 6.04449E+00 1.33691E+02 1.23420E+02 2.75838E-01 4.69436E+00 3.05287E+00 7.16794E-03 
2.39315E+01 1.39805E-04 1.06093E+00 1.42922E-01 6.02171E+00 1.30753E+02 1.23921E+02 2.76922E-01 4.63341E+00 3.00901E+00 7.06487E-03 
2.44889E+01 1.38938E-04 1.03829E+00 1.42128E-01 6.00535E+00 1.28022E+02 1.24501E+02 2.78207E-01 4.57655E+00 2.96804E+00 6.96861E-03 
2.50594E+01 1.38148E-04 1.01726E+00 1.41409E-01 5.99455E+00 1.25485E+02 1.25160E+02 2.79676E-01 4.52361E+00 2.92983E+00 6.87885E-03 
2.56431E+01 1.37431E-04 9.97750E-01 1.40763E-01 5.98172E+00 1.23130E+02 1.25898E+02 2.81090E-01 4.47443E+00 2.89427E+00 6.79532E-03 
2.62404E+01 1.36785E-04 9.79663E-01 1.40188E-01 5.96646E+00 1.20946E+02 1.26715E+02 2.82215E-01 4.42887E+00 2.86125E+00 6.71776E-03 
2.68516E+01 1.36210E-04 9.62921E-01 1.39682E-01 5.95597E+00 1.18925E+02 1.27612E+02 2.83441E-01 4.38678E+00 2.83067E+00 6.64593E-03 
2.74770E+01 1.35702E-04 9.47449E-01 1.39242E-01 5.95071E+00 1.17056E+02 1.28588E+02 2.84838E-01 4.34805E+00 2.80244E+00 6.57963E-03 
2.81171E+01 1.35261E-04 9.33179E-01 1.38868E-01 5.95057E+00 1.15333E+02 1.29645E+02 2.86405E-01 4.31254E+00 2.77646E+00 6.51863E-03 
2.87720E+01 1.34884E-04 9.20046E-01 1.38558E-01 5.95542E+00 1.13746E+02 1.30782E+02 2.88140E-01 4.28013E+00 2.75266E+00 6.46274E-03 
2.94422E+01 1.34569E-04 9.07987E-01 1.38309E-01 5.96512E+00 1.12290E+02 1.31999E+02 2.90044E-01 4.25072E+00 2.73094E+00 6.41175E-03 
3.01280E+01 1.34316E-04 8.96938E-01 1.38121E-01 5.97953E+00 1.10956E+02 1.33298E+02 2.92113E-01 4.22417E+00 2.71122E+00 6.36546E-03 
3.08298E+01 1.34121E-04 8.86839E-01 1.37991E-01 5.99849E+00 1.09736E+02 1.34676E+02 2.94346E-01 4.20037E+00 2.69340E+00 6.32364E-03 
3.15479E+01 1.33985E-04 8.77630E-01 1.37918E-01 6.02183E+00 1.08625E+02 1.36135E+02 2.96741E-01 4.17919E+00 2.67741E+00 6.28610E-03 
3.22827E+01 1.33903E-04 8.69256E-01 1.37900E-01 6.04940E+00 1.07614E+02 1.37673E+02 2.99294E-01 4.16053E+00 2.66315E+00 6.25264E-03 
3.30347E+01 1.33876E-04 8.61662E-01 1.37935E-01 6.08102E+00 1.06699E+02 1.39290E+02 3.02003E-01 4.14425E+00 2.65055E+00 6.22305E-03 
3.38041E+01 1.33901E-04 8.54796E-01 1.38023E-01 6.11652E+00 1.05872E+02 1.40986E+02 3.04864E-01 4.13027E+00 2.63951E+00 6.19714E-03 
3.45915E+01 1.33976E-04 8.48609E-01 1.38160E-01 6.15574E+00 1.05127E+02 1.42759E+02 3.07873E-01 4.11846E+00 2.62996E+00 6.17474E-03 
3.53973E+01 1.34100E-04 8.43054E-01 1.38346E-01 6.19848E+00 1.04460E+02 1.44609E+02 3.11028E-01 4.10872E+00 2.62183E+00 6.15565E-03 
3.62218E+01 1.34271E-04 8.38084E-01 1.38579E-01 6.24459E+00 1.03863E+02 1.46535E+02 3.14323E-01 4.10095E+00 2.61503E+00 6.13969E-03 
3.70655E+01 1.34488E-04 8.33661E-01 1.38858E-01 6.29390E+00 1.03334E+02 1.48537E+02 3.17756E-01 4.09505E+00 2.60950E+00 6.12671E-03 
3.79289E+01 1.34749E-04 8.29753E-01 1.39182E-01 6.34631E+00 1.02867E+02 1.50614E+02 3.21324E-01 4.09096E+00 2.60519E+00 6.11659E-03 
3.88124E+01 1.35054E-04 8.26333E-01 1.39549E-01 6.40175E+00 1.02460E+02 1.52766E+02 3.25026E-01 4.08861E+00 2.60204E+00 6.10922E-03 
3.97164E+01 1.35401E-04 8.23382E-01 1.39959E-01 6.46017E+00 1.02111E+02 1.54994E+02 3.28862E-01 4.08795E+00 2.60003E+00 6.10450E-03 
4.06415E+01 1.35790E-04 8.20880E-01 1.40410E-01 6.52153E+00 1.01816E+02 1.57298E+02 3.32832E-01 4.08893E+00 2.59912E+00 6.10237E-03 
4.15882E+01 1.36221E-04 8.18812E-01 1.40903E-01 6.58581E+00 1.01574E+02 1.59680E+02 3.36934E-01 4.09151E+00 2.59927E+00 6.10274E-03 
4.25569E+01 1.36691E-04 8.17160E-01 1.41437E-01 6.65298E+00 1.01384E+02 1.62138E+02 3.41168E-01 4.09564E+00 2.60047E+00 6.10556E-03 
4.35482E+01 1.37201E-04 8.15911E-01 1.42010E-01 6.72301E+00 1.01243E+02 1.64675E+02 3.45535E-01 4.10129E+00 2.60268E+00 6.11075E-03 
4.45625E+01 1.37750E-04 8.15051E-01 1.42623E-01 6.79587E+00 1.01149E+02 1.67290E+02 3.50035E-01 4.10842E+00 2.60587E+00 6.11825E-03 
4.56005E+01 1.38337E-04 8.14565E-01 1.43274E-01 6.87155E+00 1.01102E+02 1.69984E+02 3.54666E-01 4.11700E+00 2.61002E+00 6.12800E-03 
4.66627E+01 1.38962E-04 8.14442E-01 1.43963E-01 6.95001E+00 1.01099E+02 1.72758E+02 3.59428E-01 4.12698E+00 2.61511E+00 6.13995E-03 
4.77496E+01 1.39624E-04 8.14669E-01 1.44690E-01 7.03122E+00 1.01139E+02 1.75611E+02 3.64322E-01 4.13834E+00 2.62110E+00 6.15404E-03 
4.88619E+01 1.40323E-04 8.15233E-01 1.45454E-01 7.11517E+00 1.01220E+02 1.78546E+02 3.69345E-01 4.15103E+00 2.62798E+00 6.17020E-03 
5.00000E+01 1.41058E-04 8.16124E-01 1.46254E-01 7.20181E+00 1.01342E+02 1.81561E+02 3.74499E-01 4.16504E+00 2.63573E+00 6.18839E-03 
5.11646E+01 1.41828E-04 8.17331E-01 1.47090E-01 7.29112E+00 1.01502E+02 1.84658E+02 3.79782E-01 4.18032E+00 2.64432E+00 6.20856E-03 
5.23564E+01 1.42633E-04 8.18844E-01 1.47962E-01 7.38308E+00 1.01700E+02 1.87837E+02 3.85194E-01 4.19685E+00 2.65373E+00 6.23067E-03 
5.35760E+01 1.43473E-04 8.20653E-01 1.48868E-01 7.47766E+00 1.01934E+02 1.91098E+02 3.90734E-01 4.21461E+00 2.66395E+00 6.25466E-03 
5.48239E+01 1.44346E-04 8.22750E-01 1.49809E-01 7.57484E+00 1.02204E+02 1.94441E+02 3.96402E-01 4.23356E+00 2.67495E+00 6.28049E-03 
5.61009E+01 1.45253E-04 8.25127E-01 1.50784E-01 7.67460E+00 1.02508E+02 1.97869E+02 4.02198E-01 4.25369E+00 2.68672E+00 6.30814E-03 
5.74077E+01 1.46194E-04 8.27776E-01 1.51793E-01 7.77692E+00 1.02846E+02 2.01380E+02 4.08121E-01 4.27497E+00 2.69925E+00 6.33755E-03 
5.87449E+01 1.47167E-04 8.30691E-01 1.52835E-01 7.88179E+00 1.03217E+02 2.04975E+02 4.14170E-01 4.29739E+00 2.71252E+00 6.36870E-03 
6.01132E+01 1.48173E-04 8.33865E-01 1.53910E-01 7.98919E+00 1.03619E+02 2.08655E+02 4.20346E-01 4.32092E+00 2.72651E+00 6.40156E-03 
6.15134E+01 1.49211E-04 8.37292E-01 1.55018E-01 8.09910E+00 1.04053E+02 2.12420E+02 4.26648E-01 4.34554E+00 2.74122E+00 6.43610E-03 
6.29463E+01 1.50280E-04 8.40966E-01 1.56158E-01 8.21152E+00 1.04517E+02 2.16271E+02 4.33076E-01 4.37124E+00 2.75663E+00 6.47228E-03 
6.44125E+01 1.51381E-04 8.44881E-01 1.57331E-01 8.32641E+00 1.05011E+02 2.20209E+02 4.39629E-01 4.39800E+00 2.77273E+00 6.51008E-03 
6.59128E+01 1.52514E-04 8.49034E-01 1.58535E-01 8.44379E+00 1.05534E+02 2.24233E+02 4.46307E-01 4.42581E+00 2.78951E+00 6.54947E-03 
6.74481E+01 1.53677E-04 8.53418E-01 1.59771E-01 8.56362E+00 1.06086E+02 2.28344E+02 4.53110E-01 4.45465E+00 2.80696E+00 6.59044E-03 
6.90192E+01 1.54872E-04 8.58030E-01 1.61039E-01 8.68591E+00 1.06666E+02 2.32543E+02 4.60037E-01 4.48451E+00 2.82507E+00 6.63296E-03 
7.06269E+01 1.56097E-04 8.62865E-01 1.62338E-01 8.81063E+00 1.07273E+02 2.36829E+02 4.67089E-01 4.51537E+00 2.84383E+00 6.67700E-03 
7.22720E+01 1.57352E-04 8.67919E-01 1.63668E-01 8.93778E+00 1.07908E+02 2.41205E+02 4.74264E-01 4.54723E+00 2.86323E+00 6.72255E-03 
7.39554E+01 1.58637E-04 8.73189E-01 1.65028E-01 9.06735E+00 1.08569E+02 2.45669E+02 4.81563E-01 4.58007E+00 2.88327E+00 6.76959E-03 
7.56781E+01 1.59952E-04 8.78670E-01 1.66420E-01 9.19932E+00 1.09256E+02 2.50222E+02 4.88986E-01 4.61387E+00 2.90393E+00 6.81810E-03 
7.74408E+01 1.61298E-04 8.84359E-01 1.67842E-01 9.33367E+00 1.09969E+02 2.54865E+02 4.96531E-01 4.64864E+00 2.92521E+00 6.86806E-03 
7.92447E+01 1.62672E-04 8.90253E-01 1.69294E-01 9.47041E+00 1.10708E+02 2.59598E+02 5.04199E-01 4.68436E+00 2.94711E+00 6.91946E-03 
8.10905E+01 1.64077E-04 8.96348E-01 1.70777E-01 9.60952E+00 1.11471E+02 2.64421E+02 5.11989E-01 4.72101E+00 2.96960E+00 6.97228E-03 
8.29793E+01 1.65510E-04 9.02643E-01 1.72290E-01 9.75099E+00 1.12259E+02 2.69335E+02 5.19901E-01 4.75860E+00 2.99270E+00 7.02651E-03 
8.49122E+01 1.66973E-04 9.09133E-01 1.73833E-01 9.89481E+00 1.13071E+02 2.74340E+02 5.27935E-01 4.79712E+00 3.01639E+00 7.08213E-03 
8.68900E+01 1.68465E-04 9.15817E-01 1.75405E-01 1.00410E+01 1.13907E+02 2.79437E+02 5.36091E-01 4.83655E+00 3.04067E+00 7.13913E-03 
8.89140E+01 1.69987E-04 9.22692E-01 1.77008E-01 1.01895E+01 1.14767E+02 2.84625E+02 5.44368E-01 4.87689E+00 3.06554E+00 7.19750E-03 
9.09850E+01 1.71537E-04 9.29757E-01 1.78641E-01 1.03403E+01 1.15650E+02 2.89905E+02 5.52766E-01 4.91814E+00 3.09098E+00 7.25724E-03 
9.31044E+01 1.73116E-04 9.37008E-01 1.80304E-01 1.04934E+01 1.16556E+02 2.95278E+02 5.61285E-01 4.96029E+00 3.11700E+00 7.31832E-03 
9.52730E+01 1.74724E-04 9.44445E-01 1.81996E-01 1.06489E+01 1.17485E+02 3.00743E+02 5.69925E-01 5.00333E+00 3.14360E+00 7.38075E-03 
9.74922E+01 1.76361E-04 9.52065E-01 1.83718E-01 1.08066E+01 1.18437E+02 3.06302E+02 5.78686E-01 5.04726E+00 3.17076E+00 7.44452E-03 
9.97631E+01 1.78027E-04 9.59867E-01 1.85470E-01 1.09667E+01 1.19412E+02 3.11954E+02 5.87568E-01 5.09209E+00 3.19849E+00 7.50961E-03 
1.02087E+02 1.79722E-04 9.67850E-01 1.87252E-01 1.11291E+01 1.20409E+02 3.17699E+02 5.96571E-01 5.13779E+00 3.22678E+00 7.57603E-03 
1.04465E+02 1.81446E-04 9.76012E-01 1.89064E-01 1.12937E+01 1.21428E+02 3.23539E+02 6.05694E-01 5.18438E+00 3.25563E+00 7.64377E-03 
1.06898E+02 1.83199E-04 9.84352E-01 1.90905E-01 1.14607E+01 1.22469E+02 3.29472E+02 6.14938E-01 5.23185E+00 3.28505E+00 7.71282E-03 
1.09388E+02 1.84981E-04 9.92870E-01 1.92777E-01 1.16299E+01 1.23533E+02 3.35501E+02 6.24303E-01 5.28019E+00 3.31502E+00 7.78318E-03 
1.11936E+02 1.86791E-04 1.00156E+00 1.94679E-01 1.18015E+01 1.24618E+02 3.41624E+02 6.33789E-01 5.32941E+00 3.34555E+00 7.85486E-03 
1.14543E+02 1.88631E-04 1.01043E+00 1.96610E-01 1.19753E+01 1.25725E+02 3.47843E+02 6.43396E-01 5.37951E+00 3.37664E+00 7.92784E-03 
1.17211E+02 1.90500E-04 1.01948E+00 1.98572E-01 1.21514E+01 1.26853E+02 3.54158E+02 6.53125E-01 5.43048E+00 3.40828E+00 8.00212E-03 
1.19942E+02 1.92399E-04 1.02870E+00 2.00564E-01 1.23298E+01 1.28004E+02 3.60568E+02 6.62975E-01 5.48234E+00 3.44048E+00 8.07772E-03 
1.22735E+02 1.94326E-04 1.03809E+00 2.02587E-01 1.25106E+01 1.29176E+02 3.67075E+02 6.72948E-01 5.53506E+00 3.47324E+00 8.15461E-03 
1.25594E+02 1.96284E-04 1.04766E+00 2.04640E-01 1.26936E+01 1.30369E+02 3.73678E+02 6.83042E-01 5.58867E+00 3.50655E+00 8.23282E-03 
1.28520E+02 1.98270E-04 1.05740E+00 2.06724E-01 1.28790E+01 1.31584E+02 3.80379E+02 6.93260E-01 5.64315E+00 3.54043E+00 8.31234E-03 
1.31513E+02 2.00287E-04 1.06732E+00 2.08838E-01 1.30666E+01 1.32821E+02 3.87177E+02 7.03600E-01 5.69852E+00 3.57486E+00 8.39316E-03 
1.34577E+02 2.02333E-04 1.07741E+00 2.10984E-01 1.32566E+01 1.34079E+02 3.94072E+02 7.14064E-01 5.75477E+00 3.60985E+00 8.47530E-03 
1.37711E+02 2.04409E-04 1.08767E+00 2.13160E-01 1.34490E+01 1.35359E+02 4.01066E+02 7.24652E-01 5.81191E+00 3.64540E+00 8.55876E-03 
1.40919E+02 2.06516E-04 1.09811E+00 2.15368E-01 1.36436E+01 1.36661E+02 4.08158E+02 7.35364E-01 5.86993E+00 3.68151E+00 8.64354E-03 
1.44202E+02 2.08652E-04 1.10872E+00 2.17607E-01 1.38406E+01 1.37984E+02 4.15349E+02 7.46202E-01 5.92885E+00 3.71819E+00 8.72964E-03 
1.47560E+02 2.10820E-04 1.11950E+00 2.19878E-01 1.40400E+01 1.39329E+02 4.22639E+02 7.57165E-01 5.98866E+00 3.75543E+00 8.81707E-03 
1.50998E+02 2.13018E-04 1.13046E+00 2.22181E-01 1.42418E+01 1.40695E+02 4.30029E+02 7.68255E-01 6.04937E+00 3.79324E+00 8.90583E-03 
1.54515E+02 2.15246E-04 1.14160E+00 2.24515E-01 1.44459E+01 1.42084E+02 4.37518E+02 7.79471E-01 6.11098E+00 3.83162E+00 8.99593E-03 
1.58114E+02 2.17506E-04 1.15291E+00 2.26882E-01 1.46524E+01 1.43494E+02 4.45108E+02 7.90815E-01 6.17350E+00 3.87057E+00 9.08738E-03 
1.61797E+02 2.19797E-04 1.16440E+00 2.29282E-01 1.48613E+01 1.44926E+02 4.52799E+02 8.02287E-01 6.23693E+00 3.91010E+00 9.18018E-03 
1.65566E+02 2.22119E-04 1.17607E+00 2.31714E-01 1.50727E+01 1.46380E+02 4.60591E+02 8.13888E-01 6.30128E+00 3.95021E+00 9.27433E-03 
1.69422E+02 2.24473E-04 1.18791E+00 2.34179E-01 1.52864E+01 1.47856E+02 4.68484E+02 8.25619E-01 6.36655E+00 3.99090E+00 9.36984E-03 
1.73368E+02 2.26859E-04 1.19993E+00 2.36677E-01 1.55026E+01 1.49354E+02 4.76479E+02 8.37481E-01 6.43274E+00 4.03217E+00 9.46673E-03 
1.77407E+02 2.29277E-04 1.21213E+00 2.39208E-01 1.57213E+01 1.50875E+02 4.84577E+02 8.49474E-01 6.49986E+00 4.07402E+00 9.56499E-03 
1.81539E+02 2.31728E-04 1.22451E+00 2.41773E-01 1.59424E+01 1.52417E+02 4.92777E+02 8.61599E-01 6.56792E+00 4.11647E+00 9.66464E-03 
1.85768E+02 2.34210E-04 1.23707E+00 2.44372E-01 1.61660E+01 1.53983E+02 5.01081E+02 8.73857E-01 6.63692E+00 4.15951E+00 9.76568E-03 
1.90095E+02 2.36726E-04 1.24981E+00 2.47005E-01 1.63921E+01 1.55570E+02 5.09488E+02 8.86249E-01 6.70687E+00 4.20315E+00 9.86813E-03 
1.94523E+02 2.39275E-04 1.26273E+00 2.49673E-01 1.66207E+01 1.57181E+02 5.18000E+02 8.98777E-01 6.77778E+00 4.24739E+00 9.97198E-03 
1.99054E+02 2.41857E-04 1.27584E+00 2.52375E-01 1.68519E+01 1.58814E+02 5.26616E+02 9.11441E-01 6.84964E+00 4.29223E+00 1.00773E-02 
2.03690E+02 2.44473E-04 1.28913E+00 2.55112E-01 1.70856E+01 1.60470E+02 5.35337E+02 9.24241E-01 6.92248E+00 4.33769E+00 1.01840E-02 
2.08435E+02 2.47123E-04 1.30260E+00 2.57885E-01 1.73219E+01 1.62149E+02 5.44164E+02 9.37180E-01 6.99628E+00 4.38375E+00 1.02921E-02 
2.13290E+02 2.49807E-04 1.31626E+00 2.60693E-01 1.75608E+01 1.63851E+02 5.53097E+02 9.50259E-01 7.07107E+00 4.43044E+00 1.04017E-02 
2.18258E+02 2.52525E-04 1.33011E+00 2.63537E-01 1.78023E+01 1.65576E+02 5.62137E+02 9.63478E-01 7.14685E+00 4.47774E+00 1.05128E-02 
2.23342E+02 2.55278E-04 1.34415E+00 2.66417E-01 1.80464E+01 1.67325E+02 5.71284E+02 9.76838E-01 7.22363E+00 4.52568E+00 1.06253E-02 
2.28544E+02 2.58066E-04 1.35838E+00 2.69334E-01 1.82931E+01 1.69098E+02 5.80539E+02 9.90342E-01 7.30141E+00 4.57424E+00 1.07393E-02 
2.33868E+02 2.60890E-04 1.37279E+00 2.72287E-01 1.85426E+01 1.70895E+02 5.89903E+02 1.00399E+00 7.38021E+00 4.62344E+00 1.08548E-02 
2.39315E+02 2.63749E-04 1.38741E+00 2.75278E-01 1.87947E+01 1.72715E+02 5.99376E+02 1.01778E+00 7.46003E+00 4.67329E+00 1.09718E-02 
2.44889E+02 2.66645E-04 1.40221E+00 2.78307E-01 1.90496E+01 1.74560E+02 6.08958E+02 1.03172E+00 7.54088E+00 4.72378E+00 1.10904E-02 
2.50594E+02 2.69577E-04 1.41722E+00 2.81374E-01 1.93072E+01 1.76429E+02 6.18651E+02 1.04581E+00 7.62276E+00 4.77492E+00 1.12104E-02 
2.56431E+02 2.72546E-04 1.43241E+00 2.84478E-01 1.95676E+01 1.78322E+02 6.28455E+02 1.06005E+00 7.70570E+00 4.82673E+00 1.13320E-02 
2.62404E+02 2.75551E-04 1.44781E+00 2.87622E-01 1.98308E+01 1.80240E+02 6.38371E+02 1.07444E+00 7.78970E+00 4.87920E+00 1.14552E-02 
2.68516E+02 2.78595E-04 1.46341E+00 2.90804E-01 2.00968E+01 1.82184E+02 6.48399E+02 1.08898E+00 7.87476E+00 4.93233E+00 1.15800E-02 
2.74770E+02 2.81676E-04 1.47921E+00 2.94026E-01 2.03657E+01 1.84152E+02 6.58541E+02 1.10368E+00 7.96090E+00 4.98615E+00 1.17063E-02 
2.81171E+02 2.84795E-04 1.49522E+00 2.97288E-01 2.06374E+01 1.86146E+02 6.68797E+02 1.11853E+00 8.04813E+00 5.04064E+00 1.18342E-02 
2.87720E+02 2.87953E-04 1.51143E+00 3.00590E-01 2.09121E+01 1.88165E+02 6.79167E+02 1.13354E+00 8.13646E+00 5.09583E+00 1.19638E-02 
2.94422E+02 2.91150E-04 1.52785E+00 3.03933E-01 2.11897E+01 1.90211E+02 6.89653E+02 1.14871E+00 8.22590E+00 5.15171E+00 1.20950E-02 
3.01280E+02 2.94386E-04 1.54448E+00 3.07317E-01 2.14702E+01 1.92282E+02 7.00256E+02 1.16404E+00 8.31645E+00 5.20829E+00 1.22278E-02 
3.08298E+02 2.97662E-04 1.56132E+00 3.10742E-01 2.17538E+01 1.94380E+02 7.10976E+02 1.17953E+00 8.40814E+00 5.26558E+00 1.23623E-02 
3.15479E+02 3.00978E-04 1.57837E+00 3.14209E-01 2.20404E+01 1.96504E+02 7.21814E+02 1.19519E+00 8.50096E+00 5.32359E+00 1.24985E-02 
3.22827E+02 3.04335E-04 1.59564E+00 3.17718E-01 2.23301E+01 1.98655E+02 7.32771E+02 1.21101E+00 8.59494E+00 5.38232E+00 1.26363E-02 
3.30347E+02 3.07732E-04 1.61312E+00 3.21271E-01 2.26229E+01 2.00833E+02 7.43849E+02 1.22700E+00 8.69008E+00 5.44178E+00 1.27759E-02 
3.38041E+02 3.11171E-04 1.63083E+00 3.24866E-01 2.29188E+01 2.03038E+02 7.55047E+02 1.24316E+00 8.78640E+00 5.50198E+00 1.29173E-02 
3.45915E+02 3.14652E-04 1.64876E+00 3.28505E-01 2.32178E+01 2.05271E+02 7.66367E+02 1.25949E+00 8.88390E+00 5.56292E+00 1.30603E-02 
3.53973E+02 3.18176E-04 1.66691E+00 3.32188E-01 2.35201E+01 2.07532E+02 7.77810E+02 1.27599E+00 8.98261E+00 5.62461E+00 1.32051E-02 
3.62218E+02 3.21742E-04 1.68528E+00 3.35916E-01 2.38256E+01 2.09821E+02 7.89377E+02 1.29267E+00 9.08252E+00 5.68706E+00 1.33518E-02 
3.70655E+02 3.25351E-04 1.70389E+00 3.39689E-01 2.41344E+01 2.12138E+02 8.01070E+02 1.30953E+00 9.18366E+00 5.75028E+00 1.35002E-02 
3.79289E+02 3.29004E-04 1.72272E+00 3.43507E-01 2.44465E+01 2.14484E+02 8.12888E+02 1.32657E+00 9.28604E+00 5.81427E+00 1.36504E-02 
3.88124E+02 3.32701E-04 1.74179E+00 3.47372E-01 2.47619E+01 2.16859E+02 8.24833E+02 1.34378E+00 9.38966E+00 5.87905E+00 1.38025E-02 
3.97164E+02 3.36442E-04 1.76110E+00 3.51283E-01 2.50807E+01 2.19264E+02 8.36907E+02 1.36118E+00 9.49455E+00 5.94461E+00 1.39564E-02 
4.06415E+02 3.40229E-04 1.78064E+00 3.55241E-01 2.54030E+01 2.21698E+02 8.49110E+02 1.37877E+00 9.60071E+00 6.01098E+00 1.41122E-02 
4.15882E+02 3.44061E-04 1.80042E+00 3.59246E-01 2.57287E+01 2.24161E+02 8.61443E+02 1.39655E+00 9.70817E+00 6.07816E+00 1.42699E-02 
4.25569E+02 3.47939E-04 1.82044E+00 3.63300E-01 2.60579E+01 2.26655E+02 8.73909E+02 1.41451E+00 9.81692E+00 6.14615E+00 1.44295E-02 
4.35482E+02 3.51864E-04 1.84071E+00 3.67402E-01 2.63906E+01 2.29180E+02 8.86507E+02 1.43267E+00 9.92699E+00 6.21496E+00 1.45911E-02 
4.45625E+02 3.55835E-04 1.86122E+00 3.71553E-01 2.67269E+01 2.31735E+02 8.99240E+02 1.45102E+00 1.00384E+01 6.28461E+00 1.47546E-02 
4.56005E+02 3.59855E-04 1.88199E+00 3.75754E-01 2.70669E+01 2.34321E+02 9.12108E+02 1.46956E+00 1.01511E+01 6.35510E+00 1.49201E-02 
4.66627E+02 3.63922E-04 1.90301E+00 3.80005E-01 2.74105E+01 2.36939E+02 9.25113E+02 1.48831E+00 1.02652E+01 6.42644E+00 1.50876E-02 
4.77496E+02 3.68038E-04 1.92428E+00 3.84307E-01 2.77578E+01 2.39589E+02 9.38256E+02 1.50726E+00 1.03807E+01 6.49865E+00 1.52571E-02 
4.88619E+02 3.72203E-04 1.94582E+00 3.88660E-01 2.81089E+01 2.42270E+02 9.51538E+02 1.52641E+00 1.04976E+01 6.57172E+00 1.54286E-02 
5.00000E+02 3.76418E-04 1.96761E+00 3.93064E-01 2.84637E+01 2.44985E+02 9.64961E+02 1.54577E+00 1.06159E+01 6.64567E+00 1.56022E-02 
5.11646E+02 3.80683E-04 1.98967E+00 3.97522E-01 2.88224E+01 2.47732E+02 9.78527E+02 1.56533E+00 1.07356E+01 6.72051E+00 1.57779E-02 
5.23564E+02 3.84998E-04 2.01199E+00 4.02032E-01 2.91850E+01 2.50512E+02 9.92236E+02 1.58511E+00 1.08567E+01 6.79625E+00 1.59558E-02 
5.35760E+02 3.89365E-04 2.03458E+00 4.06596E-01 2.95515E+01 2.53326E+02 1.00609E+03 1.60510E+00 1.09793E+01 6.87290E+00 1.61357E-02 
5.48239E+02 3.93784E-04 2.05745E+00 4.11214E-01 2.99220E+01 2.56173E+02 1.02009E+03 1.62530E+00 1.11033E+01 6.95046E+00 1.63178E-02 
5.61009E+02 3.98256E-04 2.08058E+00 4.15887E-01 3.02965E+01 2.59055E+02 1.03424E+03 1.64572E+00 1.12288E+01 7.02896E+00 1.65021E-02 
5.74077E+02 4.02780E-04 2.10400E+00 4.20615E-01 3.06751E+01 2.61971E+02 1.04854E+03 1.66637E+00 1.13558E+01 7.10839E+00 1.66885E-02 
5.87449E+02 4.07358E-04 2.12770E+00 4.25399E-01 3.10578E+01 2.64923E+02 1.06299E+03 1.68724E+00 1.14844E+01 7.18877E+00 1.68772E-02 
6.01132E+02 4.11991E-04 2.15168E+00 4.30240E-01 3.14447E+01 2.67910E+02 1.07759E+03 1.70833E+00 1.16144E+01 7.27011E+00 1.70682E-02 
6.15134E+02 4.16678E-04 2.17595E+00 4.35138E-01 3.18358E+01 2.70932E+02 1.09235E+03 1.72966E+00 1.17461E+01 7.35241E+00 1.72614E-02 
6.29463E+02 4.21420E-04 2.20051E+00 4.40094E-01 3.22311E+01 2.73991E+02 1.10726E+03 1.75121E+00 1.18792E+01 7.43570E+00 1.74570E-02 
6.44125E+02 4.26219E-04 2.22537E+00 4.45108E-01 3.26308E+01 2.77087E+02 1.12233E+03 1.77300E+00 1.20140E+01 7.51998E+00 1.76548E-02 
6.59128E+02 4.31075E-04 2.25052E+00 4.50182E-01 3.30348E+01 2.80219E+02 1.13756E+03 1.79503E+00 1.21504E+01 7.60526E+00 1.78550E-02 
6.74481E+02 4.35987E-04 2.27597E+00 4.55316E-01 3.34433E+01 2.83388E+02 1.15295E+03 1.81730E+00 1.22883E+01 7.69155E+00 1.80576E-02 
6.90192E+02 4.40958E-04 2.30173E+00 4.60510E-01 3.38562E+01 2.86596E+02 1.16850E+03 1.83981E+00 1.24280E+01 7.77887E+00 1.82626E-02 
7.06269E+02 4.45987E-04 2.32779E+00 4.65766E-01 3.42737E+01 2.89842E+02 1.18422E+03 1.86256E+00 1.25692E+01 7.86723E+00 1.84700E-02 
7.22720E+02 4.51076E-04 2.35416E+00 4.71083E-01 3.46957E+01 2.93126E+02 1.20011E+03 1.88557E+00 1.27122E+01 7.95663E+00 1.86799E-02 
7.39554E+02 4.56225E-04 2.38084E+00 4.76463E-01 3.51224E+01 2.96449E+02 1.21616E+03 1.90882E+00 1.28568E+01 8.04709E+00 1.88923E-02 
7.56781E+02 4.61434E-04 2.40785E+00 4.81906E-01 3.55538E+01 2.99812E+02 1.23238E+03 1.93234E+00 1.30032E+01 8.13862E+00 1.91072E-02 
7.74408E+02 4.66705E-04 2.43517E+00 4.87413E-01 3.59899E+01 3.03214E+02 1.24878E+03 1.95611E+00 1.31512E+01 8.23123E+00 1.93246E-02 
7.92447E+02 4.72037E-04 2.46281E+00 4.92986E-01 3.64308E+01 3.06657E+02 1.26535E+03 1.98014E+00 1.33011E+01 8.32494E+00 1.95446E-02 
8.10905E+02 4.77433E-04 2.49079E+00 4.98623E-01 3.68766E+01 3.10141E+02 1.28209E+03 2.00443E+00 1.34526E+01 8.41975E+00 1.97672E-02 
8.29793E+02 4.82892E-04 2.51910E+00 5.04327E-01 3.73273E+01 3.13666E+02 1.29901E+03 2.02899E+00 1.36060E+01 8.51569E+00 1.99924E-02 
8.49122E+02 4.88415E-04 2.54774E+00 5.10098E-01 3.77830E+01 3.17233E+02 1.31612E+03 2.05383E+00 1.37612E+01 8.61276E+00 2.02203E-02 
8.68900E+02 4.94002E-04 2.57672E+00 5.15936E-01 3.82437E+01 3.20842E+02 1.33340E+03 2.07893E+00 1.39182E+01 8.71097E+00 2.04509E-02 
8.89140E+02 4.99656E-04 2.60604E+00 5.21843E-01 3.87095E+01 3.24494E+02 1.35087E+03 2.10432E+00 1.40771E+01 8.81034E+00 2.06841E-02 
9.09850E+02 5.05376E-04 2.63571E+00 5.27820E-01 3.91804E+01 3.28189E+02 1.36852E+03 2.12998E+00 1.42378E+01 8.91088E+00 2.09202E-02 
9.31044E+02 5.11163E-04 2.66573E+00 5.33866E-01 3.96566E+01 3.31927E+02 1.38637E+03 2.15593E+00 1.44005E+01 9.01260E+00 2.11590E-02 
9.52730E+02 5.17017E-04 2.69610E+00 5.39984E-01 4.01380E+01 3.35710E+02 1.40440E+03 2.18216E+00 1.45650E+01 9.11553E+00 2.14006E-02 
9.74922E+02 5.22941E-04 2.72683E+00 5.46173E-01 4.06248E+01 3.39537E+02 1.42263E+03 2.20869E+00 1.47315E+01 9.21966E+00 2.16451E-02 
9.97631E+02 5.28934E-04 2.75793E+00 5.52434E-01 4.11171E+01 3.43409E+02 1.44105E+03 2.23550E+00 1.48999E+01 9.32502E+00 2.18924E-02 
1.02087E+03 5.34997E-04 2.78939E+00 5.58769E-01 4.16147E+01 3.47327E+02 1.45967E+03 2.26262E+00 1.50704E+01 9.43161E+00 2.21427E-02 
1.04465E+03 5.41131E-04 2.82122E+00 5.65178E-01 4.21179E+01 3.51291E+02 1.47848E+03 2.29004E+00 1.52428E+01 9.53946E+00 2.23959E-02 
1.06898E+03 5.47337E-04 2.85343E+00 5.71662E-01 4.26268E+01 3.55302E+02 1.49750E+03 2.31776E+00 1.54172E+01 9.64858E+00 2.26521E-02 
1.09388E+03 5.53615E-04 2.88601E+00 5.78222E-01 4.31412E+01 3.59360E+02 1.51673E+03 2.34579E+00 1.55937E+01 9.75898E+00 2.29112E-02 
1.11936E+03 5.59967E-04 2.91898E+00 5.84859E-01 4.36615E+01 3.63466E+02 1.53616E+03 2.37413E+00 1.57723E+01 9.87067E+00 2.31734E-02 
1.14543E+03 5.66394E-04 2.95234E+00 5.91573E-01 4.41875E+01 3.67620E+02 1.55580E+03 2.40279E+00 1.59529E+01 9.98367E+00 2.34387E-02 
1.17211E+03 5.72895E-04 2.98609E+00 5.98366E-01 4.47194E+01 3.71823E+02 1.57565E+03 2.43176E+00 1.61357E+01 1.00980E+01 2.37072E-02 
1.19942E+03 5.79473E-04 3.02023E+00 6.05238E-01 4.52572E+01 3.76075E+02 1.59571E+03 2.46106E+00 1.63206E+01 1.02137E+01 2.39787E-02 
1.22735E+03 5.86127E-04 3.05478E+00 6.12190E-01 4.58011E+01 3.80377E+02 1.61599E+03 2.49069E+00 1.65077E+01 1.03307E+01 2.42534E-02 
1.25594E+03 5.92859E-04 3.08973E+00 6.19224E-01 4.63510E+01 3.84730E+02 1.63649E+03 2.52065E+00 1.66969E+01 1.04491E+01 2.45314E-02 
