4.50000E+00 1.49981E-02 4.81263E+02 1.58982E+01 6.05450E+02 5.54227E+04 5.62854E+03 1.22858E+01 8.84059E+02 6.64260E+02 1.36328E+00 
4.60482E+00 1.03097E-02 3.01285E+02 1.07617E+01 4.18281E+02 3.73818E+04 3.89219E+03 8.59302E+00 5.55136E+02 4.49153E+02 9.32963E-01 
4.71208E+00 7.48744E-03 2.17441E+02 7.72605E+00 2.85707E+02 2.65844E+04 2.84174E+03 6.34768E+00 4.52917E+02 3.14153E+02 6.74354E-01 
4.82184E+00 5.69195E-03 1.63425E+02 5.82683E+00 2.19594E+02 1.98459E+04 2.17860E+03 4.90652E+00 3.20754E+02 2.22480E+02 5.10061E-01 
4.93415E+00 4.48585E-03 1.27125E+02 4.56789E+00 1.75084E+02 1.54196E+04 1.73852E+03 3.93089E+00 2.50517E+02 1.73729E+02 3.99887E-01 
5.04908E+00 3.63467E-03 1.00500E+02 3.68716E+00 1.41142E+02 1.23098E+04 1.42633E+03 3.23737E+00 2.01167E+02 1.39475E+02 3.22299E-01 
5.16669E+00 3.00986E-03 8.35022E+01 3.04451E+00 1.18073E+02 1.00498E+04 1.19673E+03 2.72476E+00 1.65207E+02 1.13138E+02 2.65476E-01 
5.28704E+00 2.53765E-03 6.95754E+01 2.56082E+00 1.01363E+02 8.36675E+03 1.02389E+03 2.33469E+00 1.38354E+02 9.52046E+01 2.22624E-01 
5.41019E+00 2.17301E-03 5.88616E+01 2.18856E+00 8.83188E+01 7.06677E+03 8.89102E+02 2.03144E+00 1.17602E+02 8.14792E+01 1.89590E-01 
5.53621E+00 1.88619E-03 5.04592E+01 1.89681E+00 7.73710E+01 6.04971E+03 7.82709E+02 1.79142E+00 1.01345E+02 7.01974E+01 1.63639E-01 
5.66516E+00 1.65628E-03 4.37517E+01 1.66364E+00 6.85812E+01 5.24446E+03 6.97753E+02 1.59789E+00 8.84422E+01 6.12436E+01 1.42867E-01 
5.79712E+00 1.46874E-03 3.82880E+01 1.47386E+00 6.13297E+01 4.58731E+03 6.27826E+02 1.43914E+00 7.79056E+01 5.39319E+01 1.25950E-01 
5.93216E+00 1.31345E-03 3.37941E+01 1.31701E+00 5.53187E+01 4.04524E+03 5.69654E+02 1.30698E+00 6.92035E+01 4.79040E+01 1.11967E-01 
6.07033E+00 1.18327E-03 3.00377E+01 1.18572E+00 5.02433E+01 3.59568E+03 5.20961E+02 1.19561E+00 6.19623E+01 4.28683E+01 1.00265E-01 
6.21173E+00 1.07299E-03 2.68647E+01 1.07463E+00 4.59159E+01 3.21543E+03 4.79421E+02 1.10078E+00 5.58291E+01 3.86068E+01 9.03682E-02 
6.35642E+00 9.78726E-04 2.41668E+01 9.79794E-01 4.22042E+01 2.89098E+03 4.43717E+02 1.01932E+00 5.05929E+01 3.49844E+01 8.19216E-02 
6.50448E+00 8.97453E-04 2.18467E+01 8.98115E-01 3.89809E+01 2.61360E+03 4.12937E+02 9.48759E-01 4.61025E+01 3.18640E+01 7.46500E-02 
6.65599E+00 8.26830E-04 1.98381E+01 8.27204E-01 3.61646E+01 2.37334E+03 3.86056E+02 8.87164E-01 4.22053E+01 2.91567E+01 6.83408E-02 
6.81103E+00 7.65042E-04 1.80870E+01 7.65207E-01 3.36857E+01 2.16344E+03 3.62411E+02 8.33038E-01 3.87983E+01 2.67983E+01 6.28289E-02 
6.96967E+00 7.10670E-04 1.65513E+01 7.10687E-01 3.14915E+01 1.97987E+03 3.41583E+02 7.85205E-01 3.58113E+01 2.47232E+01 5.79846E-02 
7.13202E+00 6.62589E-04 1.51966E+01 6.62503E-01 2.95378E+01 1.81812E+03 3.23097E+02 7.42736E-01 3.31734E+01 2.28916E+01 5.37049E-02 
7.29815E+00 6.19895E-04 1.39972E+01 6.19739E-01 2.77853E+01 1.67445E+03 3.06593E+02 7.04879E-01 3.08298E+01 2.12672E+01 4.99070E-02 
7.46814E+00 5.81843E-04 1.29289E+01 5.81647E-01 2.62229E+01 1.54688E+03 2.91875E+02 6.71016E-01 2.87461E+01 1.98202E+01 4.65225E-02 
7.64210E+00 5.47805E-04 1.19745E+01 5.47593E-01 2.48099E+01 1.43305E+03 2.78683E+02 6.40623E-01 2.68834E+01 1.85271E+01 4.34944E-02 
7.82010E+00 5.17245E-04 1.11181E+01 5.17037E-01 2.35283E+01 1.33059E+03 2.66777E+02 6.13252E-01 2.52078E+01 1.73638E+01 4.07745E-02 
8.00226E+00 4.89707E-04 1.03465E+01 4.89518E-01 2.23642E+01 1.23849E+03 2.56052E+02 5.88521E-01 2.37001E+01 1.63172E+01 3.83219E-02 
8.18865E+00 4.64802E-04 9.64903E+00 4.64646E-01 2.13026E+01 1.15538E+03 2.46351E+02 5.66101E-01 2.23374E+01 1.53698E+01 3.61020E-02 
8.37939E+00 4.42197E-04 9.01581E+00 4.42084E-01 2.03282E+01 1.07972E+03 2.37505E+02 5.45709E-01 2.10974E+01 1.45094E+01 3.40855E-02 
8.57457E+00 4.21614E-04 8.43955E+00 4.21548E-01 1.94343E+01 1.01098E+03 2.29458E+02 5.27105E-01 1.99692E+01 1.37255E+01 3.22474E-02 
8.77430E+00 4.02819E-04 7.91345E+00 4.02808E-01 1.86114E+01 9.48322E+02 2.22121E+02 5.10096E-01 1.89396E+01 1.30090E+01 3.05673E-02 
8.97868E+00 3.85615E-04 7.43170E+00 3.85661E-01 1.78486E+01 8.90798E+02 2.15382E+02 4.94505E-01 1.79943E+01 1.23523E+01 2.90270E-02 
9.18782E+00 3.69832E-04 6.98950E+00 3.69940E-01 1.71428E+01 8.38069E+02 2.09208E+02 4.80190E-01 1.71267E+01 1.17492E+01 2.76114E-02 
9.40183E+00 3.55321E-04 6.58261E+00 3.55493E-01 1.64872E+01 7.89625E+02 2.03548E+02 4.67020E-01 1.63289E+01 1.11935E+01 2.63072E-02 
9.62083E+00 3.41947E-04 6.20731E+00 3.42189E-01 1.58755E+01 7.44877E+02 1.98327E+02 4.54880E-01 1.55916E+01 1.06804E+01 2.51026E-02 
9.84493E+00 3.29596E-04 5.86041E+00 3.29908E-01 1.53045E+01 7.03511E+02 1.93510E+02 4.43668E-01 1.49092E+01 1.02055E+01 2.39874E-02 
1.00742E+01 3.18162E-04 5.53908E+00 3.18547E-01 1.47708E+01 6.65277E+02 1.89074E+02 4.33294E-01 1.42775E+01 9.76496E+00 2.29525E-02 
1.03089E+01 3.07555E-04 5.24081E+00 3.08015E-01 1.42695E+01 6.29724E+02 1.84961E+02 4.23679E-01 1.36897E+01 9.35528E+00 2.19901E-02 
1.05490E+01 2.97695E-04 4.96351E+00 2.98232E-01 1.37985E+01 5.96696E+02 1.81151E+02 4.14752E-01 1.31424E+01 8.97356E+00 2.10931E-02 
1.07947E+01 2.88511E-04 4.70518E+00 2.89126E-01 1.33550E+01 5.65936E+02 1.77619E+02 4.06449E-01 1.26319E+01 8.61723E+00 2.02555E-02 
1.10462E+01 2.79942E-04 4.46417E+00 2.80636E-01 1.29366E+01 5.37240E+02 1.74337E+02 3.98718E-01 1.21547E+01 8.28387E+00 1.94718E-02 
1.13035E+01 2.71933E-04 4.23900E+00 2.72707E-01 1.25412E+01 5.10429E+02 1.71285E+02 3.91511E-01 1.17078E+01 7.97148E+00 1.87374E-02 
1.15668E+01 2.64436E-04 4.02824E+00 2.65290E-01 1.21671E+01 4.85348E+02 1.68444E+02 3.84784E-01 1.12887E+01 7.67821E+00 1.80479E-02 
1.18362E+01 2.57409E-04 3.83092E+00 2.58344E-01 1.18125E+01 4.61853E+02 1.65800E+02 3.78499E-01 1.08950E+01 7.40263E+00 1.73997E-02 
1.21119E+01 2.50812E-04 3.64581E+00 2.51831E-01 1.14760E+01 4.39818E+02 1.63336E+02 3.72624E-01 1.05248E+01 7.14323E+00 1.67895E-02 
1.23940E+01 2.44613E-04 3.47197E+00 2.45714E-01 1.11563E+01 4.19125E+02 1.61039E+02 3.67126E-01 1.01763E+01 6.89862E+00 1.62141E-02 
1.26827E+01 2.38780E-04 3.30855E+00 2.39966E-01 1.08523E+01 3.99676E+02 1.58899E+02 3.61980E-01 9.84672E+00 6.66776E+00 1.56709E-02 
1.29781E+01 2.33286E-04 3.15479E+00 2.34557E-01 1.05628E+01 3.81378E+02 1.56903E+02 3.57160E-01 9.53678E+00 6.44878E+00 1.51574E-02 
1.32804E+01 2.28106E-04 3.00998E+00 2.29463E-01 1.02869E+01 3.64143E+02 1.55043E+02 3.52644E-01 9.24336E+00 6.24262E+00 1.46716E-02 
1.35898E+01 2.23217E-04 2.87348E+00 2.24661E-01 1.00237E+01 3.47900E+02 1.53311E+02 3.48414E-01 8.96579E+00 6.04764E+00 1.42114E-02 
1.39063E+01 2.18600E-04 2.74472E+00 2.20132E-01 9.77255E+00 3.32576E+02 1.51698E+02 3.44451E-01 8.70293E+00 5.86268E+00 1.37750E-02 
1.42302E+01 2.14236E-04 2.62316E+00 2.15857E-01 9.53262E+00 3.18110E+02 1.50198E+02 3.40740E-01 8.45379E+00 5.68673E+00 1.33607E-02 
1.45617E+01 2.10108E-04 2.50833E+00 2.11820E-01 9.30332E+00 3.04444E+02 1.48804E+02 3.37265E-01 8.21740E+00 5.51900E+00 1.29672E-02 
1.49009E+01 2.06202E-04 2.39980E+00 2.08005E-01 9.08414E+00 2.91528E+02 1.47511E+02 3.34015E-01 7.99234E+00 5.36015E+00 1.25931E-02 
1.52480E+01 2.02504E-04 2.29722E+00 2.04400E-01 8.87467E+00 2.79316E+02 1.46315E+02 3.30979E-01 7.78007E+00 5.20850E+00 1.22372E-02 
1.56032E+01 1.99002E-04 2.20029E+00 2.00991E-01 8.67481E+00 2.67775E+02 1.45212E+02 3.28151E-01 7.57780E+00 5.06525E+00 1.18986E-02 
1.59666E+01 1.95684E-04 2.10884E+00 1.97768E-01 8.48471E+00 2.56881E+02 1.44200E+02 3.25530E-01 7.38532E+00 4.92825E+00 1.15764E-02 
1.63385E+01 1.92543E-04 2.02273E+00 1.94721E-01 8.30477E+00 2.46619E+02 1.43280E+02 3.23117E-01 7.20271E+00 4.79813E+00 1.12701E-02 
1.67191E+01 1.89570E-04 1.94186E+00 1.91843E-01 8.13541E+00 2.36973E+02 1.42452E+02 3.20918E-01 7.02950E+00 4.67455E+00 1.09793E-02 
1.71085E+01 1.86758E-04 1.86612E+00 1.89126E-01 7.97713E+00 2.27932E+02 1.41718E+02 3.18940E-01 6.86524E+00 4.55690E+00 1.07034E-02 
1.75070E+01 1.84101E-04 1.79535E+00 1.86564E-01 7.83017E+00 2.19478E+02 1.41079E+02 3.17190E-01 6.70980E+00 4.44584E+00 1.04422E-02 
1.79148E+01 1.81591E-04 1.72932E+00 1.84149E-01 7.69446E+00 2.11584E+02 1.40536E+02 3.15669E-01 6.56279E+00 4.34108E+00 1.01950E-02 
1.83321E+01 1.79224E-04 1.66777E+00 1.81875E-01 7.56981E+00 2.04217E+02 1.40089E+02 3.14380E-01 6.42384E+00 4.24204E+00 9.96138E-03 
1.87591E+01 1.76994E-04 1.61046E+00 1.79737E-01 7.45604E+00 1.97352E+02 1.39738E+02 3.13326E-01 6.29265E+00 4.14826E+00 9.74078E-03 
1.91961E+01 1.74895E-04 1.55717E+00 1.77730E-01 7.35300E+00 1.90962E+02 1.39484E+02 3.12509E-01 6.16895E+00 4.05962E+00 9.53275E-03 
1.96432E+01 1.72923E-04 1.50766E+00 1.75848E-01 7.26048E+00 1.85020E+02 1.39327E+02 3.11932E-01 6.05242E+00 3.97612E+00 9.33683E-03 
2.01008E+01 1.71074E-04 1.46170E+00 1.74087E-01 7.17819E+00 1.79500E+02 1.39267E+02 3.11596E-01 5.94280E+00 3.89782E+00 9.15252E-03 
2.05690E+01 1.69341E-04 1.41903E+00 1.72442E-01 7.10563E+00 1.74371E+02 1.39305E+02 3.11500E-01 5.83975E+00 3.82411E+00 8.97926E-03 
2.10481E+01 1.67722E-04 1.37938E+00 1.70909E-01 7.04225E+00 1.69602E+02 1.39436E+02 3.11637E-01 5.74292E+00 3.75484E+00 8.81644E-03 
2.15384E+01 1.66210E-04 1.34253E+00 1.69482E-01 6.98761E+00 1.65165E+02 1.39661E+02 3.12007E-01 5.65200E+00 3.68978E+00 8.66353E-03 
2.20400E+01 1.64803E-04 1.30827E+00 1.68158E-01 6.94136E+00 1.61039E+02 1.39979E+02 3.12609E-01 5.56673E+00 3.62873E+00 8.52007E-03 
2.25534E+01 1.63496E-04 1.27645E+00 1.66933E-01 6.90324E+00 1.57203E+02 1.40389E+02 3.13441E-01 5.48687E+00 3.57152E+00 8.38564E-03 
2.30788E+01 1.62286E-04 1.24689E+00 1.65805E-01 6.87300E+00 1.53639E+02 1.40891E+02 3.14504E-01 5.41218E+00 3.51798E+00 8.25984E-03 
2.36163E+01 1.61171E-04 1.21945E+00 1.64769E-01 6.85036E+00 1.50328E+02 1.41485E+02 3.15799E-01 5.34244E+00 3.46793E+00 8.14229E-03 
2.41664E+01 1.60146E-04 1.19399E+00 1.63823E-01 6.83510E+00 1.47255E+02 1.42170E+02 3.17323E-01 5.27742E+00 3.42124E+00 8.03260E-03 
2.47293E+01 1.59210E-04 1.17038E+00 1.62963E-01 6.82695E+00 1.44404E+02 1.42946E+02 3.19078E-01 5.21692E+00 3.37772E+00 7.93039E-03 
2.53054E+01 1.58358E-04 1.14848E+00 1.62188E-01 6.82219E+00 1.41759E+02 1.43812E+02 3.20970E-01 5.16073E+00 3.33725E+00 7.83533E-03 
2.58948E+01 1.57589E-04 1.12820E+00 1.61493E-01 6.81238E+00 1.39309E+02 1.44768E+02 3.22617E-01 5.10867E+00 3.29968E+00 7.74710E-03 
2.64980E+01 1.56900E-04 1.10945E+00 1.60878E-01 6.80408E+00 1.37043E+02 1.45815E+02 3.24097E-01 5.06060E+00 3.26490E+00 7.66543E-03 
2.71152E+01 1.56289E-04 1.09213E+00 1.60340E-01 6.80169E+00 1.34950E+02 1.46952E+02 3.25769E-01 5.01634E+00 3.23280E+00 7.59006E-03 
2.77468E+01 1.55753E-04 1.07617E+00 1.59876E-01 6.80506E+00 1.33020E+02 1.48180E+02 3.27633E-01 4.97574E+00 3.20326E+00 7.52073E-03 
2.83931E+01 1.55291E-04 1.06148E+00 1.59485E-01 6.81399E+00 1.31245E+02 1.49498E+02 3.29687E-01 4.93867E+00 3.17618E+00 7.45716E-03 
2.90544E+01 1.54900E-04 1.04799E+00 1.59164E-01 6.82830E+00 1.29614E+02 1.50907E+02 3.31928E-01 4.90495E+00 3.15145E+00 7.39911E-03 
2.97312E+01 1.54578E-04 1.03562E+00 1.58911E-01 6.84775E+00 1.28118E+02 1.52405E+02 3.34353E-01 4.87444E+00 3.12895E+00 7.34629E-03 
3.04237E+01 1.54322E-04 1.02428E+00 1.58724E-01 6.87213E+00 1.26748E+02 1.53991E+02 3.36957E-01 4.84698E+00 3.10856E+00 7.29843E-03 
3.11324E+01 1.54131E-04 1.01391E+00 1.58600E-01 6.90119E+00 1.25496E+02 1.55665E+02 3.39736E-01 4.82242E+00 3.09017E+00 7.25528E-03 
3.18576E+01 1.54001E-04 1.00445E+00 1.58538E-01 6.93473E+00 1.24353E+02 1.57425E+02 3.42687E-01 4.80062E+00 3.07369E+00 7.21660E-03 
3.25996E+01 1.53932E-04 9.95823E-01 1.58535E-01 6.97257E+00 1.23312E+02 1.59272E+02 3.45805E-01 4.78145E+00 3.05902E+00 7.18216E-03 
3.33590E+01 1.53921E-04 9.87990E-01 1.58591E-01 7.01455E+00 1.22367E+02 1.61204E+02 3.49089E-01 4.76480E+00 3.04607E+00 7.15178E-03 
3.41360E+01 1.53966E-04 9.80902E-01 1.58703E-01 7.06055E+00 1.21514E+02 1.63222E+02 3.52534E-01 4.75057E+00 3.03477E+00 7.12528E-03 
3.49311E+01 1.54066E-04 9.74521E-01 1.58869E-01 7.11045E+00 1.20746E+02 1.65325E+02 3.56140E-01 4.73866E+00 3.02506E+00 7.10249E-03 
3.57448E+01 1.54220E-04 9.68811E-01 1.59089E-01 7.16420E+00 1.20060E+02 1.67514E+02 3.59906E-01 4.72899E+00 3.01687E+00 7.08329E-03 
3.65774E+01 1.54426E-04 9.63743E-01 1.59362E-01 7.22170E+00 1.19452E+02 1.69789E+02 3.63829E-01 4.72149E+00 3.01015E+00 7.06753E-03 
3.74294E+01 1.54684E-04 9.59283E-01 1.59685E-01 7.28287E+00 1.18918E+02 1.72149E+02 3.67910E-01 4.71607E+00 3.00485E+00 7.05510E-03 
3.83012E+01 1.54991E-04 9.55399E-01 1.60058E-01 7.34762E+00 1.18455E+02 1.74595E+02 3.72144E-01 4.71266E+00 3.00090E+00 7.04585E-03 
3.91934E+01 1.55346E-04 9.52059E-01 1.60480E-01 7.41581E+00 1.18058E+02 1.77127E+02 3.76530E-01 4.71118E+00 2.99825E+00 7.03964E-03 
4.01063E+01 1.55749E-04 9.49229E-01 1.60949E-01 7.48734E+00 1.17724E+02 1.79744E+02 3.81064E-01 4.71154E+00 2.99684E+00 7.03634E-03 
4.10405E+01 1.56197E-04 9.46881E-01 1.61464E-01 7.56209E+00 1.17448E+02 1.82445E+02 3.85744E-01 4.71367E+00 2.99661E+00 7.03583E-03 
4.19964E+01 1.56689E-04 9.44988E-01 1.62024E-01 7.63995E+00 1.17228E+02 1.85231E+02 3.90568E-01 4.71750E+00 2.99752E+00 7.03798E-03 
4.29747E+01 1.57226E-04 9.43527E-01 1.62627E-01 7.72086E+00 1.17062E+02 1.88101E+02 3.95534E-01 4.72298E+00 2.99953E+00 7.04271E-03 
4.39757E+01 1.57804E-04 9.42479E-01 1.63274E-01 7.80473E+00 1.16946E+02 1.91056E+02 4.00640E-01 4.73006E+00 3.00260E+00 7.04991E-03 
4.50000E+01 1.58425E-04 9.41825E-01 1.63963E-01 7.89151E+00 1.16878E+02 1.94096E+02 4.05885E-01 4.73868E+00 3.00669E+00 7.05952E-03 
4.60482E+01 1.59087E-04 9.41550E-01 1.64694E-01 7.98115E+00 1.16857E+02 1.97221E+02 4.11267E-01 4.74881E+00 3.01177E+00 7.07147E-03 
4.71208E+01 1.59789E-04 9.41640E-01 1.65466E-01 8.07361E+00 1.16880E+02 2.00432E+02 4.16788E-01 4.76040E+00 3.01782E+00 7.08568E-03 
4.82184E+01 1.60531E-04 9.42083E-01 1.66277E-01 8.16888E+00 1.16947E+02 2.03729E+02 4.22444E-01 4.77343E+00 3.02481E+00 7.10211E-03 
4.93415E+01 1.61312E-04 9.42869E-01 1.67129E-01 8.26692E+00 1.17056E+02 2.07113E+02 4.28238E-01 4.78787E+00 3.03273E+00 7.12071E-03 
5.04908E+01 1.62131E-04 9.43988E-01 1.68020E-01 8.36773E+00 1.17207E+02 2.10584E+02 4.34168E-01 4.80368E+00 3.04155E+00 7.14143E-03 
5.16669E+01 1.62990E-04 9.45432E-01 1.68950E-01 8.47129E+00 1.17397E+02 2.14144E+02 4.40235E-01 4.82085E+00 3.05126E+00 7.16423E-03 
5.28704E+01 1.63886E-04 9.47193E-01 1.69919E-01 8.57760E+00 1.17626E+02 2.17793E+02 4.46437E-01 4.83935E+00 3.06184E+00 7.18907E-03 
5.41019E+01 1.64819E-04 9.49263E-01 1.70926E-01 8.68663E+00 1.17894E+02 2.21531E+02 4.52777E-01 4.85915E+00 3.07327E+00 7.21593E-03 
5.53621E+01 1.65790E-04 9.51634E-01 1.71970E-01 8.79838E+00 1.18198E+02 2.25360E+02 4.59252E-01 4.88024E+00 3.08554E+00 7.24475E-03 
5.66516E+01 1.66797E-04 9.54300E-01 1.73052E-01 8.91284E+00 1.18539E+02 2.29280E+02 4.65864E-01 4.90260E+00 3.09864E+00 7.27551E-03 
5.79712E+01 1.67841E-04 9.57254E-01 1.74171E-01 9.02999E+00 1.18915E+02 2.33291E+02 4.72612E-01 4.92620E+00 3.11255E+00 7.30817E-03 
5.93216E+01 1.68921E-04 9.60489E-01 1.75327E-01 9.14983E+00 1.19327E+02 2.37395E+02 4.79495E-01 4.95103E+00 3.12726E+00 7.34271E-03 
6.07033E+01 1.70036E-04 9.64001E-01 1.76519E-01 9.27235E+00 1.19772E+02 2.41592E+02 4.86515E-01 4.97707E+00 3.14275E+00 7.37909E-03 
6.21173E+01 1.71187E-04 9.67785E-01 1.77748E-01 9.39755E+00 1.20251E+02 2.45883E+02 4.93671E-01 5.00431E+00 3.15902E+00 7.41730E-03 
6.35642E+01 1.72374E-04 9.71835E-01 1.79012E-01 9.52541E+00 1.20762E+02 2.50268E+02 5.00962E-01 5.03273E+00 3.17606E+00 7.45731E-03 
6.50448E+01 1.73595E-04 9.76146E-01 1.80313E-01 9.65595E+00 1.21306E+02 2.54748E+02 5.08390E-01 5.06232E+00 3.19386E+00 7.49909E-03 
6.65599E+01 1.74851E-04 9.80716E-01 1.81648E-01 9.78915E+00 1.21882E+02 2.59324E+02 5.15954E-01 5.09306E+00 3.21240E+00 7.54263E-03 
6.81103E+01 1.76142E-04 9.85540E-01 1.83020E-01 9.92503E+00 1.22489E+02 2.63996E+02 5.23654E-01 5.12495E+00 3.23168E+00 7.58791E-03 
6.96967E+01 1.77467E-04 9.90615E-01 1.84426E-01 1.00636E+01 1.23127E+02 2.68766E+02 5.31491E-01 5.15796E+00 3.25170E+00 7.63490E-03 
7.13202E+01 1.78827E-04 9.95937E-01 1.85868E-01 1.02048E+01 1.23796E+02 2.73634E+02 5.39464E-01 5.19210E+00 3.27244E+00 7.68360E-03 
7.29815E+01 1.80221E-04 1.00150E+00 1.87345E-01 1.03486E+01 1.24495E+02 2.78600E+02 5.47573E-01 5.22735E+00 3.29390E+00 7.73399E-03 
7.46814E+01 1.81648E-04 1.00731E+00 1.88856E-01 1.04951E+01 1.25224E+02 2.83665E+02 5.55819E-01 5.26371E+00 3.31607E+00 7.78604E-03 
7.64210E+01 1.83109E-04 1.01335E+00 1.90402E-01 1.06443E+01 1.25981E+02 2.88829E+02 5.64201E-01 5.30115E+00 3.33894E+00 7.83974E-03 
7.82010E+01 1.84604E-04 1.01963E+00 1.91982E-01 1.07961E+01 1.26768E+02 2.94094E+02 5.72719E-01 5.33967E+00 3.36251E+00 7.89507E-03 
8.00226E+01 1.86133E-04 1.02614E+00 1.93597E-01 1.09505E+01 1.27584E+02 2.99459E+02 5.81374E-01 5.37927E+00 3.38677E+00 7.95203E-03 
8.18865E+01 1.87695E-04 1.03287E+00 1.95246E-01 1.11076E+01 1.28427E+02 3.04925E+02 5.90164E-01 5.41993E+00 3.41171E+00 8.01060E-03 
8.37939E+01 1.89290E-04 1.03983E+00 1.96930E-01 1.12673E+01 1.29298E+02 3.10493E+02 5.99090E-01 5.46165E+00 3.43734E+00 8.07076E-03 
8.57457E+01 1.90918E-04 1.04702E+00 1.98647E-01 1.14296E+01 1.30197E+02 3.16163E+02 6.08152E-01 5.50442E+00 3.46364E+00 8.13250E-03 
8.77430E+01 1.92580E-04 1.05442E+00 2.00399E-01 1.15946E+01 1.31124E+02 3.21935E+02 6.17350E-01 5.54823E+00 3.49060E+00 8.19581E-03 
8.97868E+01 1.94274E-04 1.06204E+00 2.02184E-01 1.17622E+01 1.32077E+02 3.27810E+02 6.26684E-01 5.59307E+00 3.51823E+00 8.26069E-03 
9.18782E+01 1.96002E-04 1.06988E+00 2.04004E-01 1.19323E+01 1.33057E+02 3.33789E+02 6.36153E-01 5.63895E+00 3.54653E+00 8.32711E-03 
9.40183E+01 1.97762E-04 1.07793E+00 2.05857E-01 1.21051E+01 1.34063E+02 3.39871E+02 6.45758E-01 5.68585E+00 3.57547E+00 8.39507E-03 
9.62083E+01 1.99556E-04 1.08620E+00 2.07745E-01 1.22805E+01 1.35096E+02 3.46057E+02 6.55499E-01 5.73377E+00 3.60507E+00 8.46456E-03 
9.84493E+01 2.01382E-04 1.09467E+00 2.09666E-01 1.24584E+01 1.36155E+02 3.52348E+02 6.65374E-01 5.78271E+00 3.63532E+00 8.53558E-03 
1.00742E+02 2.03241E-04 1.10335E+00 2.11621E-01 1.26390E+01 1.37239E+02 3.58743E+02 6.75386E-01 5.83266E+00 3.66622E+00 8.60811E-03 
1.03089E+02 2.05133E-04 1.11224E+00 2.13610E-01 1.28221E+01 1.38349E+02 3.65244E+02 6.85532E-01 5.88362E+00 3.69776E+00 8.68216E-03 
1.05490E+02 2.07058E-04 1.12133E+00 2.15633E-01 1.30078E+01 1.39484E+02 3.71850E+02 6.95815E-01 5.93558E+00 3.72993E+00 8.75770E-03 
1.07947E+02 2.09016E-04 1.13063E+00 2.17691E-01 1.31961E+01 1.40645E+02 3.78563E+02 7.06233E-01 5.98854E+00 3.76275E+00 8.83475E-03 
1.10462E+02 2.11007E-04 1.14013E+00 2.19782E-01 1.33870E+01 1.41831E+02 3.85381E+02 7.16786E-01 6.04251E+00 3.79621E+00 8.91329E-03 
1.13035E+02 2.13032E-04 1.14983E+00 2.21907E-01 1.35804E+01 1.43042E+02 3.92307E+02 7.27476E-01 6.09747E+00 3.83030E+00 8.99333E-03 
1.15668E+02 2.15089E-04 1.15973E+00 2.24067E-01 1.37765E+01 1.44278E+02 3.99339E+02 7.38302E-01 6.15343E+00 3.86502E+00 9.07485E-03 
1.18362E+02 2.17179E-04 1.16983E+00 2.26261E-01 1.39751E+01 1.45538E+02 4.06479E+02 7.49264E-01 6.21039E+00 3.90038E+00 9.15787E-03 
1.21119E+02 2.19303E-04 1.18013E+00 2.28489E-01 1.41763E+01 1.46823E+02 4.13727E+02 7.60363E-01 6.26835E+00 3.93638E+00 9.24237E-03 
1.23940E+02 2.21460E-04 1.19063E+00 2.30753E-01 1.43801E+01 1.48133E+02 4.21082E+02 7.71598E-01 6.32731E+00 3.97300E+00 9.32836E-03 
1.26827E+02 2.23650E-04 1.20133E+00 2.33050E-01 1.45865E+01 1.49468E+02 4.28547E+02 7.82972E-01 6.38727E+00 4.01027E+00 9.41584E-03 
1.29781E+02 2.25874E-04 1.21223E+00 2.35383E-01 1.47955E+01 1.50827E+02 4.36120E+02 7.94483E-01 6.44823E+00 4.04816E+00 9.50481E-03 
1.32804E+02 2.28132E-04 1.22332E+00 2.37751E-01 1.50071E+01 1.52211E+02 4.43802E+02 8.06132E-01 6.51019E+00 4.08670E+00 9.59527E-03 
1.35898E+02 2.30424E-04 1.23462E+00 2.40153E-01 1.52213E+01 1.53619E+02 4.51595E+02 8.17920E-01 6.57316E+00 4.12586E+00 9.68723E-03 
1.39063E+02 2.32750E-04 1.24611E+00 2.42592E-01 1.54381E+01 1.55052E+02 4.59497E+02 8.29847E-01 6.63713E+00 4.16567E+00 9.78068E-03 
1.42302E+02 2.35111E-04 1.25779E+00 2.45065E-01 1.56575E+01 1.56509E+02 4.67510E+02 8.41915E-01 6.70212E+00 4.20612E+00 9.87564E-03 
1.45617E+02 2.37505E-04 1.26968E+00 2.47575E-01 1.58796E+01 1.57991E+02 4.75634E+02 8.54123E-01 6.76812E+00 4.24720E+00 9.97210E-03 
1.49009E+02 2.39935E-04 1.28176E+00 2.50120E-01 1.61044E+01 1.59498E+02 4.83869E+02 8.66472E-01 6.83513E+00 4.28893E+00 1.00701E-02 
1.52480E+02 2.42399E-04 1.29405E+00 2.52702E-01 1.63318E+01 1.61029E+02 4.92216E+02 8.78963E-01 6.90317E+00 4.33131E+00 1.01695E-02 
1.56032E+02 2.44898E-04 1.30653E+00 2.55319E-01 1.65618E+01 1.62585E+02 5.00676E+02 8.91597E-01 6.97224E+00 4.37433E+00 1.02706E-02 
1.59666E+02 2.47432E-04 1.31921E+00 2.57974E-01 1.67946E+01 1.64166E+02 5.09248E+02 9.04374E-01 7.04233E+00 4.41801E+00 1.03731E-02 
1.63385E+02 2.50002E-04 1.33209E+00 2.60665E-01 1.70300E+01 1.65772E+02 5.17933E+02 9.17295E-01 7.11346E+00 4.46233E+00 1.04772E-02 
1.67191E+02 2.52608E-04 1.34517E+00 2.63394E-01 1.72682E+01 1.67402E+02 5.26732E+02 9.30362E-01 7.18564E+00 4.50732E+00 1.05828E-02 
1.71085E+02 2.55250E-04 1.35846E+00 2.66160E-01 1.75091E+01 1.69058E+02 5.35645E+02 9.43576E-01 7.25886E+00 4.55296E+00 1.06899E-02 
1.75070E+02 2.57928E-04 1.37195E+00 2.68963E-01 1.77528E+01 1.70739E+02 5.44672E+02 9.56936E-01 7.33313E+00 4.59927E+00 1.07987E-02 
1.79148E+02 2.60642E-04 1.38564E+00 2.71805E-01 1.79992E+01 1.72445E+02 5.53815E+02 9.70445E-01 7.40846E+00 4.64625E+00 1.09089E-02 
1.83321E+02 2.63393E-04 1.39953E+00 2.74685E-01 1.82484E+01 1.74177E+02 5.63073E+02 9.84102E-01 7.48486E+00 4.69390E+00 1.10208E-02 
1.87591E+02 2.66181E-04 1.41363E+00 2.77603E-01 1.85004E+01 1.75934E+02 5.72448E+02 9.97911E-01 7.56233E+00 4.74223E+00 1.11343E-02 
1.91961E+02 2.69007E-04 1.42794E+00 2.80560E-01 1.87552E+01 1.77717E+02 5.81940E+02 1.01187E+00 7.64088E+00 4.79123E+00 1.12493E-02 
1.96432E+02 2.71870E-04 1.44245E+00 2.83556E-01 1.90129E+01 1.79525E+02 5.91549E+02 1.02598E+00 7.72052E+00 4.84092E+00 1.13660E-02 
2.01008E+02 2.74771E-04 1.45717E+00 2.86592E-01 1.92735E+01 1.81360E+02 6.01275E+02 1.04025E+00 7.80126E+00 4.89130E+00 1.14842E-02 
2.05690E+02 2.77710E-04 1.47211E+00 2.89668E-01 1.95369E+01 1.83221E+02 6.11121E+02 1.05467E+00 7.88310E+00 4.94238E+00 1.16042E-02 
2.10481E+02 2.80688E-04 1.48725E+00 2.92783E-01 1.98032E+01 1.85108E+02 6.21086E+02 1.06925E+00 7.96605E+00 4.99415E+00 1.17257E-02 
2.15384E+02 2.83705E-04 1.50261E+00 2.95940E-01 2.00725E+01 1.87021E+02 6.31170E+02 1.08399E+00 8.05012E+00 5.04663E+00 1.18489E-02 
2.20400E+02 2.86761E-04 1.51818E+00 2.99137E-01 2.03448E+01 1.88961E+02 6.41375E+02 1.09888E+00 8.13531E+00 5.09982E+00 1.19738E-02 
2.25534E+02 2.89857E-04 1.53397E+00 3.02375E-01 2.06200E+01 1.90928E+02 6.51701E+02 1.11394E+00 8.22165E+00 5.15372E+00 1.21003E-02 
2.30788E+02 2.92993E-04 1.54997E+00 3.05655E-01 2.08983E+01 1.92922E+02 6.62149E+02 1.12916E+00 8.30913E+00 5.20834E+00 1.22286E-02 
2.36163E+02 2.96169E-04 1.56620E+00 3.08977E-01 2.11796E+01 1.94944E+02 6.72720E+02 1.14454E+00 8.39777E+00 5.26370E+00 1.23585E-02 
2.41664E+02 2.99385E-04 1.58264E+00 3.12341E-01 2.14639E+01 1.96992E+02 6.83414E+02 1.16009E+00 8.48758E+00 5.31978E+00 1.24902E-02 
2.47293E+02 3.02643E-04 1.59931E+00 3.15748E-01 2.17514E+01 1.99069E+02 6.94232E+02 1.17580E+00 8.57856E+00 5.37660E+00 1.26236E-02 
2.53054E+02 3.05942E-04 1.61620E+00 3.19198E-01 2.20420E+01 2.01173E+02 7.05175E+02 1.19169E+00 8.67073E+00 5.43417E+00 1.27587E-02 
2.58948E+02 3.09283E-04 1.63331E+00 3.22692E-01 2.23357E+01 2.03305E+02 7.16243E+02 1.20774E+00 8.76409E+00 5.49249E+00 1.28957E-02 
2.64980E+02 3.12666E-04 1.65066E+00 3.26229E-01 2.26327E+01 2.05466E+02 7.27438E+02 1.22396E+00 8.85866E+00 5.55157E+00 1.30344E-02 
2.71152E+02 3.16092E-04 1.66823E+00 3.29811E-01 2.29328E+01 2.07655E+02 7.38760E+02 1.24036E+00 8.95445E+00 5.61141E+00 1.31749E-02 
2.77468E+02 3.19560E-04 1.68604E+00 3.33438E-01 2.32362E+01 2.09873E+02 7.50211E+02 1.25694E+00 9.05147E+00 5.67203E+00 1.33172E-02 
2.83931E+02 3.23072E-04 1.70408E+00 3.37110E-01 2.35429E+01 2.12120E+02 7.61790E+02 1.27369E+00 9.14973E+00 5.73342E+00 1.34613E-02 
2.90544E+02 3.26628E-04 1.72235E+00 3.40828E-01 2.38529E+01 2.14396E+02 7.73500E+02 1.29062E+00 9.24924E+00 5.79560E+00 1.36073E-02 
2.97312E+02 3.30229E-04 1.74086E+00 3.44592E-01 2.41662E+01 2.16702E+02 7.85340E+02 1.30773E+00 9.35001E+00 5.85858E+00 1.37551E-02 
3.04237E+02 3.33874E-04 1.75961E+00 3.48403E-01 2.44829E+01 2.19037E+02 7.97312E+02 1.32502E+00 9.45206E+00 5.92235E+00 1.39048E-02 
3.11324E+02 3.37564E-04 1.77860E+00 3.52261E-01 2.48031E+01 2.21403E+02 8.09417E+02 1.34250E+00 9.55540E+00 5.98693E+00 1.40565E-02 
3.18576E+02 3.41300E-04 1.79784E+00 3.56166E-01 2.51267E+01 2.23799E+02 8.21656E+02 1.36016E+00 9.66003E+00 6.05233E+00 1.42100E-02 
3.25996E+02 3.45082E-04 1.81732E+00 3.60120E-01 2.54538E+01 2.26226E+02 8.34030E+02 1.37802E+00 9.76598E+00 6.11855E+00 1.43655E-02 
3.33590E+02 3.48911E-04 1.83705E+00 3.64122E-01 2.57844E+01 2.28683E+02 8.46540E+02 1.39606E+00 9.87326E+00 6.18560E+00 1.45229E-02 
3.41360E+02 3.52786E-04 1.85703E+00 3.68173E-01 2.61186E+01 2.31172E+02 8.59186E+02 1.41430E+00 9.98187E+00 6.25349E+00 1.46823E-02 
3.49311E+02 3.56709E-04 1.87727E+00 3.72274E-01 2.64564E+01 2.33692E+02 8.71971E+02 1.43273E+00 1.00918E+01 6.32223E+00 1.48437E-02 
3.57448E+02 3.60680E-04 1.89776E+00 3.76424E-01 2.67978E+01 2.36244E+02 8.84895E+02 1.45136E+00 1.02032E+01 6.39183E+00 1.50070E-02 
3.65774E+02 3.64700E-04 1.91851E+00 3.80626E-01 2.71430E+01 2.38828E+02 8.97959E+02 1.47019E+00 1.03159E+01 6.46229E+00 1.51725E-02 
3.74294E+02 3.68769E-04 1.93951E+00 3.84878E-01 2.74918E+01 2.41445E+02 9.11165E+02 1.48922E+00 1.04300E+01 6.53362E+00 1.53399E-02 
3.83012E+02 3.72887E-04 1.96078E+00 3.89182E-01 2.78444E+01 2.44094E+02 9.24513E+02 1.50845E+00 1.05455E+01 6.60584E+00 1.55095E-02 
3.91934E+02 3.77055E-04 1.98232E+00 3.93539E-01 2.82009E+01 2.46776E+02 9.38006E+02 1.52789E+00 1.06624E+01 6.67894E+00 1.56811E-02 
4.01063E+02 3.81274E-04 2.00413E+00 3.97948E-01 2.85612E+01 2.49492E+02 9.51644E+02 1.54754E+00 1.07808E+01 6.75295E+00 1.58549E-02 
4.10405E+02 3.85544E-04 2.02620E+00 4.02410E-01 2.89253E+01 2.52242E+02 9.65428E+02 1.56740E+00 1.09006E+01 6.82787E+00 1.60308E-02 
4.19964E+02 3.89866E-04 2.04855E+00 4.06927E-01 2.92934E+01 2.55025E+02 9.79361E+02 1.58747E+00 1.10219E+01 6.90370E+00 1.62088E-02 
4.29747E+02 3.94240E-04 2.07118E+00 4.11497E-01 2.96655E+01 2.57843E+02 9.93443E+02 1.60776E+00 1.11446E+01 6.98047E+00 1.63890E-02 
4.39757E+02 3.98667E-04 2.09408E+00 4.16123E-01 3.00417E+01 2.60696E+02 1.00767E+03 1.62826E+00 1.12689E+01 7.05817E+00 1.65715E-02 
4.50000E+02 4.03147E-04 2.11727E+00 4.20805E-01 3.04219E+01 2.63583E+02 1.02206E+03 1.64899E+00 1.13947E+01 7.13682E+00 1.67561E-02 
4.60482E+02 4.07681E-04 2.14074E+00 4.25543E-01 3.08062E+01 2.66507E+02 1.03660E+03 1.66994E+00 1.15220E+01 7.21643E+00 1.69430E-02 
4.71208E+02 4.12269E-04 2.16450E+00 4.30338E-01 3.11947E+01 2.69466E+02 1.05129E+03 1.69112E+00 1.16508E+01 7.29701E+00 1.71322E-02 
4.82184E+02 4.16913E-04 2.18856E+00 4.35190E-01 3.15874E+01 2.72461E+02 1.06614E+03 1.71252E+00 1.17812E+01 7.37856E+00 1.73236E-02 
4.93415E+02 4.21612E-04 2.21290E+00 4.40100E-01 3.19844E+01 2.75493E+02 1.08115E+03 1.73416E+00 1.19132E+01 7.46111E+00 1.75174E-02 
5.04908E+02 4.26368E-04 2.23754E+00 4.45069E-01 3.23857E+01 2.78562E+02 1.09631E+03 1.75603E+00 1.20468E+01 7.54465E+00 1.77136E-02 
5.16669E+02 4.31180E-04 2.26249E+00 4.50098E-01 3.27914E+01 2.81668E+02 1.11164E+03 1.77813E+00 1.21820E+01 7.62920E+00 1.79121E-02 
5.28704E+02 4.36050E-04 2.28773E+00 4.55186E-01 3.32015E+01 2.84812E+02 1.12713E+03 1.80048E+00 1.23188E+01 7.71478E+00 1.81130E-02 
5.41019E+02 4.40979E-04 2.31328E+00 4.60336E-01 3.36161E+01 2.87994E+02 1.14279E+03 1.82307E+00 1.24573E+01 7.80138E+00 1.83163E-02 
5.53621E+02 4.45966E-04 2.33915E+00 4.65546E-01 3.40351E+01 2.91215E+02 1.15861E+03 1.84590E+00 1.25974E+01 7.88903E+00 1.85221E-02 
5.66516E+02 4.51012E-04 2.36532E+00 4.70819E-01 3.44588E+01 2.94475E+02 1.17460E+03 1.86898E+00 1.27392E+01 7.97773E+00 1.87303E-02 
5.79712E+02 4.56119E-04 2.39181E+00 4.76154E-01 3.48871E+01 2.97774E+02 1.19076E+03 1.89231E+00 1.28827E+01 8.06750E+00 1.89411E-02 
5.93216E+02 4.61286E-04 2.41862E+00 4.81553E-01 3.53200E+01 3.01113E+02 1.20709E+03 1.91590E+00 1.30279E+01 8.15834E+00 1.91544E-02 
6.07033E+02 4.66515E-04 2.44576E+00 4.87016E-01 3.57578E+01 3.04492E+02 1.22359E+03 1.93974E+00 1.31749E+01 8.25028E+00 1.93702E-02 
6.21173E+02 4.71806E-04 2.47322E+00 4.92544E-01 3.62003E+01 3.07912E+02 1.24027E+03 1.96385E+00 1.33236E+01 8.34331E+00 1.95886E-02 
6.35642E+02 4.77160E-04 2.50101E+00 4.98138E-01 3.66476E+01 3.11373E+02 1.25712E+03 1.98821E+00 1.34742E+01 8.43746E+00 1.98097E-02 
6.50448E+02 4.82578E-04 2.52914E+00 5.03798E-01 3.70999E+01 3.14875E+02 1.27415E+03 2.01284E+00 1.36265E+01 8.53273E+00 2.00334E-02 
6.65599E+02 4.88059E-04 2.55760E+00 5.09524E-01 3.75571E+01 3.18420E+02 1.29137E+03 2.03775E+00 1.37806E+01 8.62914E+00 2.02597E-02 
6.81103E+02 4.93606E-04 2.58641E+00 5.15319E-01 3.80193E+01 3.22007E+02 1.30876E+03 2.06292E+00 1.39365E+01 8.72671E+00 2.04887E-02 
6.96967E+02 4.99218E-04 2.61556E+00 5.21182E-01 3.84867E+01 3.25637E+02 1.32634E+03 2.08837E+00 1.40943E+01 8.82543E+00 2.07205E-02 
7.13202E+02 5.04897E-04 2.64506E+00 5.27115E-01 3.89592E+01 3.29310E+02 1.34411E+03 2.11410E+00 1.42540E+01 8.92533E+00 2.09551E-02 
7.29815E+02 5.10643E-04 2.67491E+00 5.33117E-01 3.94368E+01 3.33027E+02 1.36207E+03 2.14011E+00 1.44156E+01 9.02642E+00 2.11924E-02 
7.46814E+02 5.16456E-04 2.70512E+00 5.39191E-01 3.99198E+01 3.36789E+02 1.38021E+03 2.16641E+00 1.45791E+01 9.12871E+00 2.14325E-02 
7.64210E+02 5.22339E-04 2.73568E+00 5.45336E-01 4.04081E+01 3.40596E+02 1.39855E+03 2.19299E+00 1.47446E+01 9.23221E+00 2.16756E-02 
7.82010E+02 5.28291E-04 2.76662E+00 5.51554E-01 4.09018E+01 3.44448E+02 1.41709E+03 2.21987E+00 1.49120E+01 9.33694E+00 2.19214E-02 
8.00226E+02 5.34313E-04 2.79792E+00 5.57845E-01 4.14009E+01 3.48345E+02 1.43582E+03 2.24705E+00 1.50814E+01 9.44292E+00 2.21702E-02 
8.18865E+02 5.40406E-04 2.82959E+00 5.64210E-01 4.19056E+01 3.52290E+02 1.45475E+03 2.27452E+00 1.52528E+01 9.55015E+00 2.24220E-02 
8.37939E+02 5.46571E-04 2.86164E+00 5.70650E-01 4.24158E+01 3.56281E+02 1.47388E+03 2.30230E+00 1.54262E+01 9.65866E+00 2.26767E-02 
8.57457E+02 5.52808E-04 2.89407E+00 5.77166E-01 4.29317E+01 3.60319E+02 1.49322E+03 2.33039E+00 1.56017E+01 9.76844E+00 2.29345E-02 
8.77430E+02 5.59119E-04 2.92689E+00 5.83759E-01 4.34533E+01 3.64406E+02 1.51276E+03 2.35878E+00 1.57792E+01 9.87953E+00 2.31953E-02 
8.97868E+02 5.65505E-04 2.96010E+00 5.90429E-01 4.39807E+01 3.68541E+02 1.53251E+03 2.38749E+00 1.59589E+01 9.99193E+00 2.34592E-02 
9.18782E+02 5.71965E-04 2.99370E+00 5.97178E-01 4.45140E+01 3.72725E+02 1.55248E+03 2.41652E+00 1.61406E+01 1.01057E+01 2.37262E-02 
9.40183E+02 5.78502E-04 3.02769E+00 6.04005E-01 4.50532E+01 3.76958E+02 1.57265E+03 2.44587E+00 1.63245E+01 1.02207E+01 2.39964E-02 
9.62083E+02 5.85115E-04 3.06209E+00 6.10914E-01 4.55984E+01 3.81242E+02 1.59304E+03 2.47554E+00 1.65106E+01 1.03372E+01 2.42697E-02 
9.84493E+02 5.91806E-04 3.09690E+00 6.17903E-01 4.61497E+01 3.85576E+02 1.61365E+03 2.50555E+00 1.66989E+01 1.04550E+01 2.45463E-02 
1.00742E+03 5.98575E-04 3.13212E+00 6.24974E-01 4.67071E+01 3.89962E+02 1.63448E+03 2.53589E+00 1.68894E+01 1.05742E+01 2.48261E-02 
1.03089E+03 6.05424E-04 3.16776E+00 6.32128E-01 4.72707E+01 3.94399E+02 1.65554E+03 2.56656E+00 1.70822E+01 1.06948E+01 2.51093E-02 
1.05490E+03 6.12354E-04 3.20381E+00 6.39367E-01 4.78406E+01 3.98889E+02 1.67682E+03 2.59758E+00 1.72772E+01 1.08168E+01 2.53957E-02 
1.07947E+03 6.19364E-04 3.24030E+00 6.46690E-01 4.84169E+01 4.03432E+02 1.69832E+03 2.62894E+00 1.74745E+01 1.09402E+01 2.56856E-02 
1.10462E+03 6.26457E-04 3.27721E+00 6.54099E-01 4.89996E+01 4.08028E+02 1.72006E+03 2.66065E+00 1.76741E+01 1.10651E+01 2.59788E-02 
1.13035E+03 6.33633E-04 3.31456E+00 6.61594E-01 4.95888E+01 4.12679E+02 1.74204E+03 2.69272E+00 1.78761E+01 1.11915E+01 2.62755E-02 
1.15668E+03 6.40893E-04 3.35235E+00 6.69178E-01 5.01846E+01 4.17384E+02 1.76425E+03 2.72514E+00 1.80804E+01 1.13194E+01 2.65757E-02 
1.18362E+03 6.48239E-04 3.39058E+00 6.76850E-01 5.07871E+01 4.22145E+02 1.78670E+03 2.75793E+00 1.82872E+01 1.14487E+01 2.68795E-02 
1.21119E+03 6.55670E-04 3.42926E+00 6.84612E-01 5.13964E+01 4.26962E+02 1.80939E+03 2.79108E+00 1.84963E+01 1.15796E+01 2.71868E-02 
1.23940E+03 6.63188E-04 3.46840E+00 6.92465E-01 5.20124E+01 4.31836E+02 1.83233E+03 2.82460E+00 1.87080E+01 1.17121E+01 2.74977E-02 
