4.50000E+00 1.19519E-02 3.66092E+02 1.24988E+01 4.60714E+02 4.31483E+04 4.40584E+03 9.73681E+00 6.92014E+02 5.04740E+02 1.08029E+00 
4.60482E+00 8.62130E-03 2.50411E+02 8.92826E+00 3.22035E+02 3.07319E+04 3.21608E+03 7.15088E+00 5.19663E+02 3.60461E+02 7.76315E-01 
4.71208E+00 6.46738E-03 1.85921E+02 6.64199E+00 2.44432E+02 2.26402E+04 2.43204E+03 5.45915E+00 3.65861E+02 2.53768E+02 5.79925E-01 
4.82184E+00 5.02731E-03 1.43096E+02 5.13103E+00 1.92370E+02 1.73350E+04 1.91138E+03 4.31662E+00 2.81412E+02 1.95160E+02 4.48718E-01 
4.93415E+00 4.02608E-03 1.13181E+02 4.09123E+00 1.55944E+02 1.37095E+04 1.55203E+03 3.51523E+00 2.23645E+02 1.55069E+02 3.57593E-01 
5.04908E+00 3.30200E-03 9.08166E+01 3.34466E+00 1.27583E+02 1.10839E+04 1.28949E+03 2.93108E+00 1.81867E+02 1.26074E+02 2.91796E-01 
5.16669E+00 2.76070E-03 7.60326E+01 2.78943E+00 1.07765E+02 9.14297E+03 1.09299E+03 2.49108E+00 1.50885E+02 1.03458E+02 2.42703E-01 
5.28704E+00 2.34564E-03 6.38565E+01 2.36504E+00 9.37962E+01 7.67614E+03 9.42865E+02 2.15124E+00 1.27406E+02 8.77098E+01 2.05130E-01 
5.41019E+00 2.02134E-03 5.43751E+01 2.03450E+00 8.16012E+01 6.52508E+03 8.24048E+02 1.88387E+00 1.08997E+02 7.55062E+01 1.75815E-01 
5.53621E+00 1.76373E-03 4.68651E+01 1.77277E+00 7.18692E+01 5.61666E+03 7.29400E+02 1.67009E+00 9.44427E+01 6.54065E+01 1.52554E-01 
5.66516E+00 1.55557E-03 4.08143E+01 1.56185E+00 6.39920E+01 4.89196E+03 6.53235E+02 1.49629E+00 8.27994E+01 5.73276E+01 1.33782E-01 
5.79712E+00 1.38463E-03 3.58553E+01 1.38901E+00 5.74426E+01 4.29494E+03 5.90004E+02 1.35275E+00 7.32123E+01 5.06751E+01 1.18388E-01 
5.93216E+00 1.24229E-03 3.17503E+01 1.24534E+00 5.19805E+01 3.80003E+03 5.37131E+02 1.23256E+00 6.52526E+01 4.51618E+01 1.05591E-01 
6.07033E+00 1.12237E-03 2.83015E+01 1.12446E+00 4.73461E+01 3.38765E+03 4.92666E+02 1.13077E+00 5.85968E+01 4.05327E+01 9.48270E-02 
6.21173E+00 1.02036E-03 2.53759E+01 1.02175E+00 4.33773E+01 3.03699E+03 4.54546E+02 1.04374E+00 5.29324E+01 3.65985E+01 8.56850E-02 
6.35642E+00 9.32826E-04 2.28778E+01 9.33719E-01 3.99530E+01 2.73667E+03 4.21659E+02 9.68681E-01 4.80779E+01 3.32396E+01 7.78512E-02 
6.50448E+00 8.57102E-04 2.07219E+01 8.57645E-01 3.69788E+01 2.47907E+03 3.93216E+02 9.03444E-01 4.39007E+01 3.03370E+01 7.10841E-02 
6.65599E+00 7.91104E-04 1.88502E+01 7.91398E-01 3.43680E+01 2.25520E+03 3.68298E+02 8.46325E-01 4.02640E+01 2.78105E+01 6.51946E-02 
6.81103E+00 7.33206E-04 1.72136E+01 7.33321E-01 3.20632E+01 2.05899E+03 3.46315E+02 7.95996E-01 3.70751E+01 2.56033E+01 6.00349E-02 
6.96967E+00 6.82130E-04 1.57745E+01 6.82120E-01 3.00175E+01 1.88703E+03 3.26908E+02 7.51410E-01 3.42728E+01 2.36564E+01 5.54886E-02 
7.13202E+00 6.36860E-04 1.45021E+01 6.36764E-01 2.81915E+01 1.73513E+03 3.09643E+02 7.11733E-01 3.17920E+01 2.19340E+01 5.14630E-02 
7.29815E+00 5.96577E-04 1.33730E+01 5.96425E-01 2.65502E+01 1.59988E+03 2.94193E+02 6.76290E-01 2.95830E+01 2.04029E+01 4.78826E-02 
7.46814E+00 5.60603E-04 1.23655E+01 5.60420E-01 2.50835E+01 1.47960E+03 2.80394E+02 6.44525E-01 2.76153E+01 1.90364E+01 4.46857E-02 
7.64210E+00 5.28364E-04 1.14635E+01 5.28173E-01 2.37544E+01 1.37202E+03 2.67997E+02 6.15963E-01 2.58526E+01 1.78128E+01 4.18201E-02 
7.82010E+00 4.99369E-04 1.06528E+01 4.99186E-01 2.25478E+01 1.27504E+03 2.56792E+02 5.90196E-01 2.42644E+01 1.67102E+01 3.92414E-02 
8.00226E+00 4.73203E-04 9.92143E+00 4.73043E-01 2.14481E+01 1.18777E+03 2.46687E+02 5.66882E-01 2.28333E+01 1.57166E+01 3.69127E-02 
8.18865E+00 4.49502E-04 9.25914E+00 4.49377E-01 2.04439E+01 1.10882E+03 2.37528E+02 5.45713E-01 2.15374E+01 1.48157E+01 3.48017E-02 
8.37939E+00 4.27961E-04 8.65707E+00 4.27880E-01 1.95222E+01 1.03690E+03 2.29168E+02 5.26435E-01 2.03568E+01 1.39966E+01 3.28815E-02 
8.57457E+00 4.08324E-04 8.10858E+00 4.08291E-01 1.86750E+01 9.71479E+02 2.21555E+02 5.08826E-01 1.92814E+01 1.32492E+01 3.11291E-02 
8.77430E+00 3.90372E-04 7.60720E+00 3.90393E-01 1.78938E+01 9.11757E+02 2.14604E+02 4.92707E-01 1.82986E+01 1.25654E+01 2.95252E-02 
8.97868E+00 3.73921E-04 7.14763E+00 3.74000E-01 1.71692E+01 8.56903E+02 2.08215E+02 4.77919E-01 1.73956E+01 1.19380E+01 2.80533E-02 
9.18782E+00 3.58814E-04 6.72536E+00 3.58955E-01 1.64977E+01 8.06536E+02 2.02354E+02 4.64326E-01 1.65656E+01 1.13609E+01 2.66992E-02 
9.40183E+00 3.44911E-04 6.33645E+00 3.45116E-01 1.58733E+01 7.60245E+02 1.96978E+02 4.51809E-01 1.58019E+01 1.08289E+01 2.54503E-02 
9.62083E+00 3.32087E-04 5.97745E+00 3.32359E-01 1.52903E+01 7.17431E+02 1.92014E+02 4.40261E-01 1.50952E+01 1.03372E+01 2.42958E-02 
9.84493E+00 3.20232E-04 5.64534E+00 3.20574E-01 1.47456E+01 6.77838E+02 1.87432E+02 4.29587E-01 1.44409E+01 9.88168E+00 2.32261E-02 
1.00742E+01 3.09251E-04 5.33748E+00 3.09664E-01 1.42360E+01 6.41203E+02 1.83207E+02 4.19704E-01 1.38344E+01 9.45871E+00 2.22326E-02 
1.03089E+01 2.99056E-04 5.05162E+00 2.99543E-01 1.37569E+01 6.07128E+02 1.79290E+02 4.10538E-01 1.32699E+01 9.06519E+00 2.13080E-02 
1.05490E+01 2.89572E-04 4.78554E+00 2.90135E-01 1.33065E+01 5.75441E+02 1.75657E+02 4.02020E-01 1.27438E+01 8.69839E+00 2.04456E-02 
1.07947E+01 2.80733E-04 4.53763E+00 2.81372E-01 1.28823E+01 5.45925E+02 1.72289E+02 3.94096E-01 1.22529E+01 8.35552E+00 1.96398E-02 
1.10462E+01 2.72481E-04 4.30622E+00 2.73199E-01 1.24816E+01 5.18364E+02 1.69157E+02 3.86714E-01 1.17936E+01 8.03458E+00 1.88855E-02 
1.13035E+01 2.64765E-04 4.08989E+00 2.65559E-01 1.21029E+01 4.92608E+02 1.66244E+02 3.79827E-01 1.13633E+01 7.73372E+00 1.81781E-02 
1.15668E+01 2.57537E-04 3.88732E+00 2.58411E-01 1.17442E+01 4.68503E+02 1.63533E+02 3.73397E-01 1.09595E+01 7.45112E+00 1.75138E-02 
1.18362E+01 2.50759E-04 3.69760E+00 2.51714E-01 1.14042E+01 4.45909E+02 1.61007E+02 3.67387E-01 1.05801E+01 7.18547E+00 1.68888E-02 
1.21119E+01 2.44395E-04 3.51955E+00 2.45430E-01 1.10814E+01 4.24714E+02 1.58654E+02 3.61766E-01 1.02230E+01 6.93525E+00 1.63002E-02 
1.23940E+01 2.38410E-04 3.35227E+00 2.39527E-01 1.07746E+01 4.04803E+02 1.56459E+02 3.56506E-01 9.88690E+00 6.69922E+00 1.57450E-02 
1.26827E+01 2.32777E-04 3.19498E+00 2.33977E-01 1.04826E+01 3.86083E+02 1.54414E+02 3.51579E-01 9.56875E+00 6.47635E+00 1.52206E-02 
1.29781E+01 2.27469E-04 3.04694E+00 2.28752E-01 1.02046E+01 3.68464E+02 1.52507E+02 3.46965E-01 9.26956E+00 6.26565E+00 1.47247E-02 
1.32804E+01 2.22462E-04 2.90748E+00 2.23830E-01 9.93953E+00 3.51866E+02 1.50729E+02 3.42641E-01 8.98617E+00 6.06620E+00 1.42554E-02 
1.35898E+01 2.17736E-04 2.77599E+00 2.19190E-01 9.68665E+00 3.36218E+02 1.49074E+02 3.38589E-01 8.71801E+00 5.87732E+00 1.38106E-02 
1.39063E+01 2.13271E-04 2.65192E+00 2.14811E-01 9.44519E+00 3.21452E+02 1.47533E+02 3.34793E-01 8.46398E+00 5.69849E+00 1.33887E-02 
1.42302E+01 2.09049E-04 2.53478E+00 2.10677E-01 9.21454E+00 3.07510E+02 1.46100E+02 3.31238E-01 8.22376E+00 5.52834E+00 1.29881E-02 
1.45617E+01 2.05056E-04 2.42415E+00 2.06772E-01 8.99421E+00 2.94342E+02 1.44769E+02 3.27911E-01 7.99461E+00 5.36610E+00 1.26075E-02 
1.49009E+01 2.01275E-04 2.31963E+00 2.03081E-01 8.78379E+00 2.81901E+02 1.43537E+02 3.24802E-01 7.77699E+00 5.21246E+00 1.22457E-02 
1.52480E+01 1.97696E-04 2.22089E+00 1.99592E-01 8.58295E+00 2.70144E+02 1.42398E+02 3.21902E-01 7.57118E+00 5.06580E+00 1.19016E-02 
1.56032E+01 1.94305E-04 2.12768E+00 1.96294E-01 8.39162E+00 2.59042E+02 1.41349E+02 3.19205E-01 7.37623E+00 4.92729E+00 1.15741E-02 
1.59666E+01 1.91094E-04 2.03980E+00 1.93175E-01 8.20997E+00 2.48570E+02 1.40391E+02 3.16711E-01 7.19020E+00 4.79487E+00 1.12627E-02 
1.63385E+01 1.88054E-04 1.95713E+00 1.90227E-01 8.03838E+00 2.38713E+02 1.39522E+02 3.14423E-01 7.01376E+00 4.66913E+00 1.09668E-02 
1.67191E+01 1.85176E-04 1.87956E+00 1.87442E-01 7.87725E+00 2.29457E+02 1.38743E+02 3.12346E-01 6.84646E+00 4.54978E+00 1.06859E-02 
1.71085E+01 1.82455E-04 1.80697E+00 1.84814E-01 7.72701E+00 2.20788E+02 1.38056E+02 3.10487E-01 6.68787E+00 4.43657E+00 1.04197E-02 
1.75070E+01 1.79884E-04 1.73919E+00 1.82335E-01 7.58784E+00 2.12687E+02 1.37464E+02 3.08852E-01 6.53785E+00 4.32906E+00 1.01676E-02 
1.79148E+01 1.77458E-04 1.67599E+00 1.80000E-01 7.45964E+00 2.05127E+02 1.36965E+02 3.07443E-01 6.39601E+00 4.22802E+00 9.92929E-03 
1.83321E+01 1.75169E-04 1.61710E+00 1.77802E-01 7.34215E+00 1.98076E+02 1.36560E+02 3.06262E-01 6.26201E+00 4.13254E+00 9.70408E-03 
1.87591E+01 1.73013E-04 1.56229E+00 1.75736E-01 7.23519E+00 1.91506E+02 1.36249E+02 3.05310E-01 6.13553E+00 4.04218E+00 9.49152E-03 
1.91961E+01 1.70985E-04 1.51132E+00 1.73796E-01 7.13858E+00 1.85393E+02 1.36033E+02 3.04590E-01 6.01631E+00 3.95679E+00 9.29114E-03 
1.96432E+01 1.69080E-04 1.46398E+00 1.71978E-01 7.05208E+00 1.79708E+02 1.35911E+02 3.04105E-01 5.90404E+00 3.87638E+00 9.10248E-03 
2.01008E+01 1.67294E-04 1.42004E+00 1.70278E-01 6.97540E+00 1.74428E+02 1.35884E+02 3.03855E-01 5.79844E+00 3.80100E+00 8.92506E-03 
2.05690E+01 1.65622E-04 1.37924E+00 1.68690E-01 6.90806E+00 1.69522E+02 1.35952E+02 3.03837E-01 5.69921E+00 3.73005E+00 8.75831E-03 
2.10481E+01 1.64059E-04 1.34132E+00 1.67211E-01 6.84952E+00 1.64959E+02 1.36111E+02 3.04047E-01 5.60597E+00 3.66340E+00 8.60164E-03 
2.15384E+01 1.62601E-04 1.30608E+00 1.65835E-01 6.79936E+00 1.60714E+02 1.36361E+02 3.04483E-01 5.51846E+00 3.60081E+00 8.45454E-03 
2.20400E+01 1.61244E-04 1.27331E+00 1.64559E-01 6.75724E+00 1.56766E+02 1.36701E+02 3.05144E-01 5.43640E+00 3.54209E+00 8.31656E-03 
2.25534E+01 1.59984E-04 1.24286E+00 1.63379E-01 6.72290E+00 1.53094E+02 1.37131E+02 3.06029E-01 5.35956E+00 3.48707E+00 8.18729E-03 
2.30788E+01 1.58820E-04 1.21458E+00 1.62292E-01 6.69610E+00 1.49683E+02 1.37650E+02 3.07139E-01 5.28771E+00 3.43559E+00 8.06634E-03 
2.36163E+01 1.57746E-04 1.18832E+00 1.61296E-01 6.67661E+00 1.46514E+02 1.38259E+02 3.08472E-01 5.22063E+00 3.38748E+00 7.95335E-03 
2.41664E+01 1.56761E-04 1.16395E+00 1.60386E-01 6.66418E+00 1.43571E+02 1.38956E+02 3.10030E-01 5.15812E+00 3.34260E+00 7.84791E-03 
2.47293E+01 1.55860E-04 1.14134E+00 1.59561E-01 6.65857E+00 1.40841E+02 1.39741E+02 3.11810E-01 5.09996E+00 3.30078E+00 7.74970E-03 
2.53054E+01 1.55043E-04 1.12038E+00 1.58817E-01 6.65612E+00 1.38308E+02 1.40614E+02 3.13722E-01 5.04596E+00 3.26189E+00 7.65837E-03 
2.58948E+01 1.54305E-04 1.10096E+00 1.58152E-01 6.64864E+00 1.35961E+02 1.41574E+02 3.15391E-01 4.99595E+00 3.22581E+00 7.57363E-03 
2.64980E+01 1.53645E-04 1.08299E+00 1.57563E-01 6.64256E+00 1.33790E+02 1.42622E+02 3.16899E-01 4.94978E+00 3.19241E+00 7.49521E-03 
2.71152E+01 1.53061E-04 1.06641E+00 1.57049E-01 6.64215E+00 1.31784E+02 1.43758E+02 3.18591E-01 4.90729E+00 3.16159E+00 7.42287E-03 
2.77468E+01 1.52550E-04 1.05112E+00 1.56608E-01 6.64725E+00 1.29936E+02 1.44982E+02 3.20470E-01 4.86835E+00 3.13325E+00 7.35634E-03 
2.83931E+01 1.52110E-04 1.03705E+00 1.56237E-01 6.65770E+00 1.28235E+02 1.46293E+02 3.22532E-01 4.83279E+00 3.10728E+00 7.29537E-03 
2.90544E+01 1.51739E-04 1.02412E+00 1.55934E-01 6.67331E+00 1.26672E+02 1.47693E+02 3.24776E-01 4.80048E+00 3.08357E+00 7.23972E-03 
2.97312E+01 1.51435E-04 1.01227E+00 1.55697E-01 6.69387E+00 1.25239E+02 1.49179E+02 3.27198E-01 4.77127E+00 3.06201E+00 7.18911E-03 
3.04237E+01 1.51196E-04 1.00141E+00 1.55523E-01 6.71915E+00 1.23927E+02 1.50751E+02 3.29794E-01 4.74500E+00 3.04249E+00 7.14330E-03 
3.11324E+01 1.51018E-04 9.91483E-01 1.55412E-01 6.74895E+00 1.22728E+02 1.52408E+02 3.32559E-01 4.72153E+00 3.02491E+00 7.10203E-03 
3.18576E+01 1.50901E-04 9.82420E-01 1.55361E-01 6.78307E+00 1.21633E+02 1.54150E+02 3.35491E-01 4.70073E+00 3.00916E+00 7.06508E-03 
3.25996E+01 1.50843E-04 9.74168E-01 1.55367E-01 6.82133E+00 1.20638E+02 1.55975E+02 3.38585E-01 4.68248E+00 2.99516E+00 7.03223E-03 
3.33590E+01 1.50840E-04 9.66677E-01 1.55429E-01 6.86360E+00 1.19734E+02 1.57884E+02 3.41839E-01 4.66667E+00 2.98283E+00 7.00329E-03 
3.41360E+01 1.50893E-04 9.59903E-01 1.55547E-01 6.90973E+00 1.18918E+02 1.59877E+02 3.45252E-01 4.65319E+00 2.97209E+00 6.97811E-03 
3.49311E+01 1.50999E-04 9.53808E-01 1.55717E-01 6.95965E+00 1.18185E+02 1.61952E+02 3.48820E-01 4.64197E+00 2.96289E+00 6.95651E-03 
3.57448E+01 1.51157E-04 9.48361E-01 1.55940E-01 7.01327E+00 1.17531E+02 1.64110E+02 3.52542E-01 4.63291E+00 2.95516E+00 6.93839E-03 
3.65774E+01 1.51366E-04 9.43532E-01 1.56213E-01 7.07053E+00 1.16952E+02 1.66353E+02 3.56419E-01 4.62595E+00 2.94885E+00 6.92360E-03 
3.74294E+01 1.51625E-04 9.39289E-01 1.56536E-01 7.13134E+00 1.16444E+02 1.68679E+02 3.60448E-01 4.62101E+00 2.94392E+00 6.91203E-03 
3.83012E+01 1.51932E-04 9.35602E-01 1.56908E-01 7.19562E+00 1.16005E+02 1.71089E+02 3.64626E-01 4.61801E+00 2.94029E+00 6.90353E-03 
3.91934E+01 1.52286E-04 9.32440E-01 1.57326E-01 7.26323E+00 1.15629E+02 1.73582E+02 3.68952E-01 4.61687E+00 2.93792E+00 6.89799E-03 
4.01063E+01 1.52686E-04 9.29770E-01 1.57791E-01 7.33408E+00 1.15314E+02 1.76157E+02 3.73423E-01 4.61753E+00 2.93675E+00 6.89526E-03 
4.10405E+01 1.53130E-04 9.27566E-01 1.58300E-01 7.40805E+00 1.15056E+02 1.78816E+02 3.78035E-01 4.61990E+00 2.93674E+00 6.89523E-03 
4.19964E+01 1.53618E-04 9.25802E-01 1.58853E-01 7.48504E+00 1.14852E+02 1.81557E+02 3.82788E-01 4.62393E+00 2.93782E+00 6.89779E-03 
4.29747E+01 1.54148E-04 9.24457E-01 1.59449E-01 7.56499E+00 1.14699E+02 1.84381E+02 3.87679E-01 4.62956E+00 2.93997E+00 6.90285E-03 
4.39757E+01 1.54719E-04 9.23511E-01 1.60086E-01 7.64782E+00 1.14595E+02 1.87287E+02 3.92706E-01 4.63673E+00 2.94314E+00 6.91031E-03 
4.50000E+01 1.55331E-04 9.22946E-01 1.60765E-01 7.73348E+00 1.14538E+02 1.90276E+02 3.97868E-01 4.64541E+00 2.94731E+00 6.92011E-03 
4.60482E+01 1.55983E-04 9.22748E-01 1.61484E-01 7.82192E+00 1.14525E+02 1.93348E+02 4.03165E-01 4.65555E+00 2.95244E+00 6.93217E-03 
4.71208E+01 1.56674E-04 9.22904E-01 1.62243E-01 7.91311E+00 1.14557E+02 1.96504E+02 4.08596E-01 4.66711E+00 2.95851E+00 6.94644E-03 
4.82184E+01 1.57404E-04 9.23402E-01 1.63042E-01 8.00703E+00 1.14630E+02 1.99745E+02 4.14161E-01 4.68007E+00 2.96550E+00 6.96286E-03 
4.93415E+01 1.58173E-04 9.24233E-01 1.63879E-01 8.10365E+00 1.14745E+02 2.03070E+02 4.19858E-01 4.69440E+00 2.97339E+00 6.98138E-03 
5.04908E+01 1.58979E-04 9.25387E-01 1.64755E-01 8.20296E+00 1.14899E+02 2.06480E+02 4.25689E-01 4.71006E+00 2.98215E+00 7.00197E-03 
5.16669E+01 1.59822E-04 9.26856E-01 1.65668E-01 8.30495E+00 1.15092E+02 2.09977E+02 4.31653E-01 4.72704E+00 2.99178E+00 7.02458E-03 
5.28704E+01 1.60703E-04 9.28632E-01 1.66619E-01 8.40961E+00 1.15323E+02 2.13561E+02 4.37750E-01 4.74532E+00 3.00226E+00 7.04918E-03 
5.41019E+01 1.61619E-04 9.30708E-01 1.67607E-01 8.51693E+00 1.15591E+02 2.17233E+02 4.43979E-01 4.76487E+00 3.01356E+00 7.07573E-03 
5.53621E+01 1.62572E-04 9.33077E-01 1.68632E-01 8.62689E+00 1.15895E+02 2.20993E+02 4.50342E-01 4.78567E+00 3.02568E+00 7.10419E-03 
5.66516E+01 1.63561E-04 9.35732E-01 1.69694E-01 8.73949E+00 1.16234E+02 2.24841E+02 4.56837E-01 4.80770E+00 3.03860E+00 7.13454E-03 
5.79712E+01 1.64585E-04 9.38667E-01 1.70792E-01 8.85472E+00 1.16607E+02 2.28780E+02 4.63466E-01 4.83094E+00 3.05232E+00 7.16674E-03 
5.93216E+01 1.65645E-04 9.41875E-01 1.71925E-01 8.97256E+00 1.17015E+02 2.32808E+02 4.70226E-01 4.85538E+00 3.06681E+00 7.20077E-03 
6.07033E+01 1.66739E-04 9.45352E-01 1.73094E-01 9.09302E+00 1.17456E+02 2.36928E+02 4.77120E-01 4.88099E+00 3.08206E+00 7.23659E-03 
6.21173E+01 1.67868E-04 9.49093E-01 1.74299E-01 9.21609E+00 1.17929E+02 2.41139E+02 4.84146E-01 4.90777E+00 3.09807E+00 7.27419E-03 
6.35642E+01 1.69031E-04 9.53093E-01 1.75538E-01 9.34176E+00 1.18434E+02 2.45443E+02 4.91305E-01 4.93571E+00 3.11483E+00 7.31354E-03 
6.50448E+01 1.70229E-04 9.57348E-01 1.76813E-01 9.47003E+00 1.18970E+02 2.49839E+02 4.98596E-01 4.96478E+00 3.13233E+00 7.35462E-03 
6.65599E+01 1.71460E-04 9.61854E-01 1.78122E-01 9.60090E+00 1.19538E+02 2.54329E+02 5.06021E-01 4.99497E+00 3.15055E+00 7.39741E-03 
6.81103E+01 1.72725E-04 9.66607E-01 1.79466E-01 9.73437E+00 1.20136E+02 2.58914E+02 5.13578E-01 5.02628E+00 3.16950E+00 7.44190E-03 
6.96967E+01 1.74024E-04 9.71604E-01 1.80844E-01 9.87044E+00 1.20765E+02 2.63594E+02 5.21269E-01 5.05869E+00 3.18916E+00 7.48806E-03 
7.13202E+01 1.75356E-04 9.76842E-01 1.82256E-01 1.00091E+01 1.21423E+02 2.68369E+02 5.29092E-01 5.09220E+00 3.20952E+00 7.53588E-03 
7.29815E+01 1.76722E-04 9.82316E-01 1.83703E-01 1.01504E+01 1.22110E+02 2.73240E+02 5.37049E-01 5.12679E+00 3.23058E+00 7.58533E-03 
7.46814E+01 1.78120E-04 9.88025E-01 1.85183E-01 1.02942E+01 1.22826E+02 2.78208E+02 5.45139E-01 5.16245E+00 3.25234E+00 7.63642E-03 
7.64210E+01 1.79552E-04 9.93965E-01 1.86697E-01 1.04406E+01 1.23571E+02 2.83273E+02 5.53361E-01 5.19918E+00 3.27478E+00 7.68911E-03 
7.82010E+01 1.81016E-04 1.00013E+00 1.88245E-01 1.05896E+01 1.24344E+02 2.88436E+02 5.61717E-01 5.23696E+00 3.29791E+00 7.74340E-03 
8.00226E+01 1.82513E-04 1.00652E+00 1.89826E-01 1.07412E+01 1.25145E+02 2.93698E+02 5.70205E-01 5.27578E+00 3.32170E+00 7.79927E-03 
8.18865E+01 1.84043E-04 1.01314E+00 1.91441E-01 1.08954E+01 1.25973E+02 2.99058E+02 5.78827E-01 5.31565E+00 3.34616E+00 7.85670E-03 
8.37939E+01 1.85605E-04 1.01997E+00 1.93090E-01 1.10521E+01 1.26828E+02 3.04518E+02 5.87581E-01 5.35655E+00 3.37129E+00 7.91569E-03 
8.57457E+01 1.87200E-04 1.02702E+00 1.94771E-01 1.12114E+01 1.27711E+02 3.10077E+02 5.96467E-01 5.39847E+00 3.39707E+00 7.97623E-03 
8.77430E+01 1.88827E-04 1.03429E+00 1.96486E-01 1.13732E+01 1.28620E+02 3.15737E+02 6.05486E-01 5.44141E+00 3.42351E+00 8.03830E-03 
8.97868E+01 1.90486E-04 1.04177E+00 1.98234E-01 1.15376E+01 1.29555E+02 3.21497E+02 6.14638E-01 5.48535E+00 3.45060E+00 8.10189E-03 
9.18782E+01 1.92178E-04 1.04946E+00 2.00015E-01 1.17045E+01 1.30516E+02 3.27358E+02 6.23922E-01 5.53031E+00 3.47832E+00 8.16699E-03 
9.40183E+01 1.93901E-04 1.05736E+00 2.01830E-01 1.18740E+01 1.31503E+02 3.33320E+02 6.33339E-01 5.57627E+00 3.50669E+00 8.23359E-03 
9.62083E+01 1.95657E-04 1.06546E+00 2.03678E-01 1.20460E+01 1.32516E+02 3.39384E+02 6.42887E-01 5.62322E+00 3.53570E+00 8.30170E-03 
9.84493E+01 1.97445E-04 1.07377E+00 2.05558E-01 1.22205E+01 1.33554E+02 3.45551E+02 6.52568E-01 5.67116E+00 3.56534E+00 8.37128E-03 
1.00742E+02 1.99265E-04 1.08228E+00 2.07472E-01 1.23975E+01 1.34617E+02 3.51820E+02 6.62382E-01 5.72009E+00 3.59561E+00 8.44235E-03 
1.03089E+02 2.01118E-04 1.09099E+00 2.09419E-01 1.25771E+01 1.35706E+02 3.58192E+02 6.72327E-01 5.77001E+00 3.62651E+00 8.51490E-03 
1.05490E+02 2.03002E-04 1.09991E+00 2.11400E-01 1.27592E+01 1.36819E+02 3.64667E+02 6.82405E-01 5.82091E+00 3.65804E+00 8.58891E-03 
1.07947E+02 2.04919E-04 1.10902E+00 2.13413E-01 1.29439E+01 1.37956E+02 3.71245E+02 6.92616E-01 5.87279E+00 3.69019E+00 8.66439E-03 
1.10462E+02 2.06868E-04 1.11833E+00 2.15460E-01 1.31310E+01 1.39119E+02 3.77928E+02 7.02959E-01 5.92564E+00 3.72296E+00 8.74133E-03 
1.13035E+02 2.08849E-04 1.12784E+00 2.17540E-01 1.33207E+01 1.40305E+02 3.84715E+02 7.13435E-01 5.97948E+00 3.75635E+00 8.81973E-03 
1.15668E+02 2.10863E-04 1.13755E+00 2.19654E-01 1.35129E+01 1.41516E+02 3.91607E+02 7.24044E-01 6.03428E+00 3.79037E+00 8.89959E-03 
1.18362E+02 2.12909E-04 1.14745E+00 2.21802E-01 1.37076E+01 1.42752E+02 3.98604E+02 7.34787E-01 6.09007E+00 3.82500E+00 8.98090E-03 
1.21119E+02 2.14988E-04 1.15754E+00 2.23983E-01 1.39048E+01 1.44011E+02 4.05706E+02 7.45663E-01 6.14683E+00 3.86026E+00 9.06367E-03 
1.23940E+02 2.17099E-04 1.16783E+00 2.26198E-01 1.41046E+01 1.45295E+02 4.12914E+02 7.56673E-01 6.20457E+00 3.89613E+00 9.14789E-03 
1.26827E+02 2.19243E-04 1.17831E+00 2.28447E-01 1.43069E+01 1.46602E+02 4.20228E+02 7.67817E-01 6.26329E+00 3.93262E+00 9.23357E-03 
1.29781E+02 2.21420E-04 1.18899E+00 2.30730E-01 1.45117E+01 1.47934E+02 4.27649E+02 7.79096E-01 6.32298E+00 3.96974E+00 9.32070E-03 
1.32804E+02 2.23630E-04 1.19986E+00 2.33047E-01 1.47191E+01 1.49290E+02 4.35177E+02 7.90510E-01 6.38366E+00 4.00748E+00 9.40930E-03 
1.35898E+02 2.25873E-04 1.21092E+00 2.35398E-01 1.49291E+01 1.50669E+02 4.42812E+02 8.02060E-01 6.44532E+00 4.04583E+00 9.49936E-03 
1.39063E+02 2.28150E-04 1.22218E+00 2.37785E-01 1.51416E+01 1.52073E+02 4.50555E+02 8.13746E-01 6.50796E+00 4.08482E+00 9.59088E-03 
1.42302E+02 2.30460E-04 1.23363E+00 2.40206E-01 1.53566E+01 1.53501E+02 4.58406E+02 8.25569E-01 6.57159E+00 4.12443E+00 9.68387E-03 
1.45617E+02 2.32804E-04 1.24527E+00 2.42661E-01 1.55743E+01 1.54953E+02 4.66365E+02 8.37529E-01 6.63622E+00 4.16466E+00 9.77833E-03 
1.49009E+02 2.35182E-04 1.25711E+00 2.45153E-01 1.57945E+01 1.56429E+02 4.74433E+02 8.49628E-01 6.70184E+00 4.20553E+00 9.87427E-03 
1.52480E+02 2.37594E-04 1.26915E+00 2.47679E-01 1.60174E+01 1.57929E+02 4.82611E+02 8.61865E-01 6.76846E+00 4.24702E+00 9.97169E-03 
1.56032E+02 2.40040E-04 1.28137E+00 2.50241E-01 1.62428E+01 1.59453E+02 4.90899E+02 8.74242E-01 6.83609E+00 4.28916E+00 1.00706E-02 
1.59666E+02 2.42520E-04 1.29380E+00 2.52839E-01 1.64709E+01 1.61001E+02 4.99297E+02 8.86759E-01 6.90472E+00 4.33192E+00 1.01710E-02 
1.63385E+02 2.45036E-04 1.30641E+00 2.55473E-01 1.67016E+01 1.62574E+02 5.07806E+02 8.99417E-01 6.97437E+00 4.37533E+00 1.02729E-02 
1.67191E+02 2.47586E-04 1.31923E+00 2.58144E-01 1.69350E+01 1.64172E+02 5.16426E+02 9.12218E-01 7.04504E+00 4.41938E+00 1.03763E-02 
1.71085E+02 2.50172E-04 1.33224E+00 2.60851E-01 1.71711E+01 1.65794E+02 5.25157E+02 9.25162E-01 7.11673E+00 4.46408E+00 1.04813E-02 
1.75070E+02 2.52793E-04 1.34545E+00 2.63594E-01 1.74098E+01 1.67440E+02 5.34001E+02 9.38249E-01 7.18946E+00 4.50943E+00 1.05877E-02 
1.79148E+02 2.55449E-04 1.35886E+00 2.66375E-01 1.76513E+01 1.69111E+02 5.42958E+02 9.51482E-01 7.26322E+00 4.55543E+00 1.06957E-02 
1.83321E+02 2.58142E-04 1.37247E+00 2.69194E-01 1.78955E+01 1.70808E+02 5.52027E+02 9.64861E-01 7.33803E+00 4.60209E+00 1.08053E-02 
1.87591E+02 2.60871E-04 1.38629E+00 2.72050E-01 1.81424E+01 1.72529E+02 5.61211E+02 9.78387E-01 7.41388E+00 4.64941E+00 1.09164E-02 
1.91961E+02 2.63637E-04 1.40030E+00 2.74944E-01 1.83921E+01 1.74275E+02 5.70509E+02 9.92062E-01 7.49079E+00 4.69740E+00 1.10290E-02 
1.96432E+02 2.66439E-04 1.41452E+00 2.77877E-01 1.86446E+01 1.76047E+02 5.79922E+02 1.00589E+00 7.56877E+00 4.74606E+00 1.11433E-02 
2.01008E+02 2.69279E-04 1.42894E+00 2.80848E-01 1.88999E+01 1.77844E+02 5.89450E+02 1.01986E+00 7.64782E+00 4.79539E+00 1.12591E-02 
2.05690E+02 2.72156E-04 1.44357E+00 2.83858E-01 1.91580E+01 1.79666E+02 5.99094E+02 1.03399E+00 7.72796E+00 4.84540E+00 1.13765E-02 
2.10481E+02 2.75071E-04 1.45840E+00 2.86907E-01 1.94189E+01 1.81514E+02 6.08855E+02 1.04827E+00 7.80918E+00 4.89610E+00 1.14955E-02 
2.15384E+02 2.78024E-04 1.47344E+00 2.89996E-01 1.96828E+01 1.83389E+02 6.18733E+02 1.06270E+00 7.89149E+00 4.94749E+00 1.16162E-02 
2.20400E+02 2.81015E-04 1.48870E+00 2.93125E-01 1.99495E+01 1.85289E+02 6.28729E+02 1.07729E+00 7.97492E+00 4.99957E+00 1.17385E-02 
2.25534E+02 2.84045E-04 1.50416E+00 2.96295E-01 2.02192E+01 1.87216E+02 6.38844E+02 1.09204E+00 8.05945E+00 5.05235E+00 1.18624E-02 
2.30788E+02 2.87114E-04 1.51984E+00 2.99505E-01 2.04918E+01 1.89169E+02 6.49078E+02 1.10695E+00 8.14511E+00 5.10584E+00 1.19880E-02 
2.36163E+02 2.90223E-04 1.53573E+00 3.02756E-01 2.07674E+01 1.91149E+02 6.59433E+02 1.12201E+00 8.23190E+00 5.16005E+00 1.21152E-02 
2.41664E+02 2.93371E-04 1.55184E+00 3.06049E-01 2.10460E+01 1.93155E+02 6.69908E+02 1.13724E+00 8.31984E+00 5.21497E+00 1.22442E-02 
2.47293E+02 2.96560E-04 1.56816E+00 3.09384E-01 2.13276E+01 1.95189E+02 6.80504E+02 1.15263E+00 8.40893E+00 5.27061E+00 1.23748E-02 
2.53054E+02 2.99789E-04 1.58471E+00 3.12761E-01 2.16123E+01 1.97250E+02 6.91223E+02 1.16819E+00 8.49917E+00 5.32699E+00 1.25071E-02 
2.58948E+02 3.03059E-04 1.60147E+00 3.16180E-01 2.19001E+01 1.99339E+02 7.02064E+02 1.18391E+00 8.59059E+00 5.38410E+00 1.26412E-02 
2.64980E+02 3.06371E-04 1.61846E+00 3.19643E-01 2.21910E+01 2.01455E+02 7.13030E+02 1.19981E+00 8.68320E+00 5.44195E+00 1.27770E-02 
2.71152E+02 3.09724E-04 1.63568E+00 3.23149E-01 2.24851E+01 2.03599E+02 7.24120E+02 1.21587E+00 8.77699E+00 5.50055E+00 1.29146E-02 
2.77468E+02 3.13120E-04 1.65312E+00 3.26699E-01 2.27823E+01 2.05772E+02 7.35335E+02 1.23210E+00 8.87199E+00 5.55991E+00 1.30540E-02 
2.83931E+02 3.16558E-04 1.67078E+00 3.30293E-01 2.30828E+01 2.07973E+02 7.46677E+02 1.24851E+00 8.96821E+00 5.62003E+00 1.31951E-02 
2.90544E+02 3.20038E-04 1.68868E+00 3.33932E-01 2.33865E+01 2.10202E+02 7.58146E+02 1.26509E+00 9.06565E+00 5.68092E+00 1.33381E-02 
2.97312E+02 3.23563E-04 1.70682E+00 3.37617E-01 2.36934E+01 2.12461E+02 7.69744E+02 1.28185E+00 9.16433E+00 5.74259E+00 1.34829E-02 
3.04237E+02 3.27131E-04 1.72518E+00 3.41347E-01 2.40037E+01 2.14749E+02 7.81470E+02 1.29879E+00 9.26425E+00 5.80504E+00 1.36295E-02 
3.11324E+02 3.30743E-04 1.74379E+00 3.45123E-01 2.43174E+01 2.17066E+02 7.93327E+02 1.31591E+00 9.36544E+00 5.86828E+00 1.37780E-02 
3.18576E+02 3.34400E-04 1.76263E+00 3.48946E-01 2.46344E+01 2.19413E+02 8.05314E+02 1.33321E+00 9.46790E+00 5.93233E+00 1.39283E-02 
3.25996E+02 3.38102E-04 1.78171E+00 3.52815E-01 2.49549E+01 2.21790E+02 8.17434E+02 1.35069E+00 9.57165E+00 5.99718E+00 1.40806E-02 
3.33590E+02 3.41850E-04 1.80104E+00 3.56733E-01 2.52788E+01 2.24197E+02 8.29687E+02 1.36837E+00 9.67670E+00 6.06284E+00 1.42347E-02 
3.41360E+02 3.45644E-04 1.82062E+00 3.60698E-01 2.56062E+01 2.26635E+02 8.42073E+02 1.38623E+00 9.78306E+00 6.12933E+00 1.43908E-02 
3.49311E+02 3.49485E-04 1.84044E+00 3.64712E-01 2.59371E+01 2.29104E+02 8.54596E+02 1.40428E+00 9.89074E+00 6.19664E+00 1.45489E-02 
3.57448E+02 3.53372E-04 1.86051E+00 3.68775E-01 2.62716E+01 2.31604E+02 8.67254E+02 1.42253E+00 9.99976E+00 6.26480E+00 1.47089E-02 
3.65774E+02 3.57307E-04 1.88083E+00 3.72888E-01 2.66098E+01 2.34135E+02 8.80050E+02 1.44097E+00 1.01101E+01 6.33380E+00 1.48709E-02 
3.74294E+02 3.61290E-04 1.90141E+00 3.77050E-01 2.69515E+01 2.36698E+02 8.92984E+02 1.45961E+00 1.02219E+01 6.40366E+00 1.50349E-02 
3.83012E+02 3.65322E-04 1.92225E+00 3.81264E-01 2.72970E+01 2.39293E+02 9.06059E+02 1.47845E+00 1.03350E+01 6.47439E+00 1.52009E-02 
3.91934E+02 3.69402E-04 1.94335E+00 3.85528E-01 2.76462E+01 2.41921E+02 9.19274E+02 1.49749E+00 1.04495E+01 6.54598E+00 1.53690E-02 
4.01063E+02 3.73532E-04 1.96471E+00 3.89844E-01 2.79991E+01 2.44581E+02 9.32632E+02 1.51673E+00 1.05654E+01 6.61846E+00 1.55392E-02 
4.10405E+02 3.77713E-04 1.98633E+00 3.94212E-01 2.83559E+01 2.47275E+02 9.46133E+02 1.53618E+00 1.06827E+01 6.69183E+00 1.57115E-02 
4.19964E+02 3.81943E-04 2.00823E+00 3.98634E-01 2.87166E+01 2.50001E+02 9.59780E+02 1.55584E+00 1.08015E+01 6.76610E+00 1.58858E-02 
4.29747E+02 3.86225E-04 2.03039E+00 4.03108E-01 2.90811E+01 2.52762E+02 9.73572E+02 1.57572E+00 1.09217E+01 6.84128E+00 1.60623E-02 
4.39757E+02 3.90559E-04 2.05283E+00 4.07636E-01 2.94496E+01 2.55556E+02 9.87512E+02 1.59580E+00 1.10434E+01 6.91738E+00 1.62410E-02 
4.50000E+02 3.94945E-04 2.07554E+00 4.12219E-01 2.98221E+01 2.58385E+02 1.00160E+03 1.61610E+00 1.11666E+01 6.99441E+00 1.64218E-02 
4.60482E+02 3.99384E-04 2.09854E+00 4.16858E-01 3.01986E+01 2.61249E+02 1.01584E+03 1.63662E+00 1.12912E+01 7.07238E+00 1.66049E-02 
4.71208E+02 4.03876E-04 2.12182E+00 4.21551E-01 3.05792E+01 2.64147E+02 1.03023E+03 1.65736E+00 1.14174E+01 7.15129E+00 1.67902E-02 
4.82184E+02 4.08422E-04 2.14538E+00 4.26301E-01 3.09640E+01 2.67082E+02 1.04478E+03 1.67833E+00 1.15451E+01 7.23117E+00 1.69777E-02 
4.93415E+02 4.13023E-04 2.16923E+00 4.31108E-01 3.13529E+01 2.70052E+02 1.05947E+03 1.69952E+00 1.16744E+01 7.31201E+00 1.71675E-02 
5.04908E+02 4.17679E-04 2.19337E+00 4.35973E-01 3.17461E+01 2.73058E+02 1.07433E+03 1.72094E+00 1.18052E+01 7.39383E+00 1.73596E-02 
5.16669E+02 4.22390E-04 2.21780E+00 4.40896E-01 3.21435E+01 2.76101E+02 1.08934E+03 1.74259E+00 1.19376E+01 7.47664E+00 1.75540E-02 
5.28704E+02 4.27158E-04 2.24253E+00 4.45877E-01 3.25453E+01 2.79181E+02 1.10451E+03 1.76448E+00 1.20716E+01 7.56046E+00 1.77508E-02 
5.41019E+02 4.31983E-04 2.26757E+00 4.50918E-01 3.29515E+01 2.82299E+02 1.11985E+03 1.78661E+00 1.22072E+01 7.64528E+00 1.79499E-02 
5.53621E+02 4.36866E-04 2.29290E+00 4.56019E-01 3.33620E+01 2.85454E+02 1.13534E+03 1.80897E+00 1.23444E+01 7.73112E+00 1.81515E-02 
5.66516E+02 4.41806E-04 2.31855E+00 4.61181E-01 3.37771E+01 2.88647E+02 1.15101E+03 1.83158E+00 1.24833E+01 7.81800E+00 1.83554E-02 
5.79712E+02 4.46806E-04 2.34450E+00 4.66405E-01 3.41967E+01 2.91879E+02 1.16683E+03 1.85443E+00 1.26239E+01 7.90592E+00 1.85618E-02 
5.93216E+02 4.51865E-04 2.37077E+00 4.71690E-01 3.46209E+01 2.95150E+02 1.18283E+03 1.87754E+00 1.27661E+01 7.99490E+00 1.87707E-02 
6.07033E+02 4.56985E-04 2.39735E+00 4.77038E-01 3.50497E+01 2.98461E+02 1.19899E+03 1.90089E+00 1.29101E+01 8.08494E+00 1.89821E-02 
6.21173E+02 4.62165E-04 2.42425E+00 4.82450E-01 3.54833E+01 3.01811E+02 1.21533E+03 1.92450E+00 1.30557E+01 8.17606E+00 1.91961E-02 
6.35642E+02 4.67407E-04 2.45148E+00 4.87926E-01 3.59215E+01 3.05202E+02 1.23183E+03 1.94837E+00 1.32031E+01 8.26828E+00 1.94126E-02 
6.50448E+02 4.72711E-04 2.47904E+00 4.93467E-01 3.63646E+01 3.08633E+02 1.24852E+03 1.97249E+00 1.33523E+01 8.36159E+00 1.96317E-02 
6.65599E+02 4.78078E-04 2.50692E+00 4.99074E-01 3.68126E+01 3.12105E+02 1.26538E+03 1.99688E+00 1.35032E+01 8.45602E+00 1.98534E-02 
6.81103E+02 4.83508E-04 2.53514E+00 5.04747E-01 3.72655E+01 3.15620E+02 1.28242E+03 2.02154E+00 1.36560E+01 8.55158E+00 2.00777E-02 
6.96967E+02 4.89003E-04 2.56370E+00 5.10487E-01 3.77234E+01 3.19176E+02 1.29964E+03 2.04647E+00 1.38105E+01 8.64828E+00 2.03047E-02 
7.13202E+02 4.94563E-04 2.59260E+00 5.16295E-01 3.81863E+01 3.22775E+02 1.31704E+03 2.07167E+00 1.39669E+01 8.74612E+00 2.05344E-02 
7.29815E+02 5.00189E-04 2.62185E+00 5.22172E-01 3.86543E+01 3.26417E+02 1.33463E+03 2.09715E+00 1.41252E+01 8.84514E+00 2.07669E-02 
7.46814E+02 5.05881E-04 2.65144E+00 5.28118E-01 3.91275E+01 3.30102E+02 1.35240E+03 2.12291E+00 1.42853E+01 8.94533E+00 2.10021E-02 
7.64210E+02 5.11641E-04 2.68139E+00 5.34135E-01 3.96059E+01 3.33831E+02 1.37036E+03 2.14895E+00 1.44474E+01 9.04671E+00 2.12402E-02 
7.82010E+02 5.17468E-04 2.71170E+00 5.40222E-01 4.00896E+01 3.37605E+02 1.38852E+03 2.17528E+00 1.46113E+01 9.14929E+00 2.14810E-02 
8.00226E+02 5.23364E-04 2.74237E+00 5.46381E-01 4.05786E+01 3.41424E+02 1.40687E+03 2.20190E+00 1.47772E+01 9.25310E+00 2.17247E-02 
8.18865E+02 5.29330E-04 2.77340E+00 5.52613E-01 4.10730E+01 3.45288E+02 1.42541E+03 2.22881E+00 1.49451E+01 9.35813E+00 2.19713E-02 
8.37939E+02 5.35367E-04 2.80480E+00 5.58918E-01 4.15730E+01 3.49198E+02 1.44415E+03 2.25602E+00 1.51150E+01 9.46441E+00 2.22208E-02 
8.57457E+02 5.41474E-04 2.83657E+00 5.65298E-01 4.20784E+01 3.53155E+02 1.46309E+03 2.28353E+00 1.52868E+01 9.57195E+00 2.24733E-02 
8.77430E+02 5.47653E-04 2.86873E+00 5.71753E-01 4.25895E+01 3.57159E+02 1.48223E+03 2.31135E+00 1.54607E+01 9.68076E+00 2.27288E-02 
8.97868E+02 5.53905E-04 2.90126E+00 5.78283E-01 4.31062E+01 3.61210E+02 1.50158E+03 2.33947E+00 1.56367E+01 9.79085E+00 2.29872E-02 
9.18782E+02 5.60231E-04 2.93418E+00 5.84891E-01 4.36287E+01 3.65309E+02 1.52113E+03 2.36790E+00 1.58147E+01 9.90225E+00 2.32488E-02 
9.40183E+02 5.66631E-04 2.96749E+00 5.91576E-01 4.41570E+01 3.69457E+02 1.54089E+03 2.39665E+00 1.59949E+01 1.00150E+01 2.35134E-02 
9.62083E+02 5.73106E-04 3.00119E+00 5.98339E-01 4.46912E+01 3.73654E+02 1.56086E+03 2.42572E+00 1.61771E+01 1.01290E+01 2.37812E-02 
9.84493E+02 5.79658E-04 3.03530E+00 6.05182E-01 4.52313E+01 3.77900E+02 1.58105E+03 2.45511E+00 1.63615E+01 1.02444E+01 2.40521E-02 
1.00742E+03 5.86286E-04 3.06980E+00 6.12106E-01 4.57774E+01 3.82197E+02 1.60145E+03 2.48483E+00 1.65481E+01 1.03612E+01 2.43262E-02 
1.03089E+03 5.92992E-04 3.10472E+00 6.19110E-01 4.63297E+01 3.86545E+02 1.62208E+03 2.51488E+00 1.67369E+01 1.04793E+01 2.46035E-02 
1.05490E+03 5.99777E-04 3.14005E+00 6.26197E-01 4.68881E+01 3.90944E+02 1.64292E+03 2.54526E+00 1.69279E+01 1.05988E+01 2.48841E-02 
1.07947E+03 6.06642E-04 3.17579E+00 6.33367E-01 4.74527E+01 3.95395E+02 1.66399E+03 2.57598E+00 1.71212E+01 1.07197E+01 2.51681E-02 
1.10462E+03 6.13587E-04 3.21196E+00 6.40621E-01 4.80236E+01 3.99898E+02 1.68528E+03 2.60705E+00 1.73167E+01 1.08421E+01 2.54553E-02 
1.13035E+03 6.20613E-04 3.24855E+00 6.47960E-01 4.86009E+01 4.04455E+02 1.70681E+03 2.63846E+00 1.75145E+01 1.09659E+01 2.57460E-02 
1.15668E+03 6.27722E-04 3.28558E+00 6.55386E-01 4.91847E+01 4.09065E+02 1.72856E+03 2.67022E+00 1.77147E+01 1.10911E+01 2.60400E-02 
1.18362E+03 6.34914E-04 3.32304E+00 6.62898E-01 4.97751E+01 4.13730E+02 1.75055E+03 2.70233E+00 1.79172E+01 1.12179E+01 2.63375E-02 
1.21119E+03 6.42191E-04 3.36094E+00 6.70498E-01 5.03720E+01 4.18450E+02 1.77278E+03 2.73481E+00 1.81221E+01 1.13461E+01 2.66385E-02 
1.23940E+03 6.49553E-04 3.39929E+00 6.78187E-01 5.09756E+01 4.23225E+02 1.79524E+03 2.76765E+00 1.83294E+01 1.14758E+01 2.69431E-02 
