4.50000E+00 1.02271E-02 3.07072E+02 1.06292E+01 3.86492E+02 3.65468E+04 3.74066E+03 8.31007E+00 5.74692E+02 4.23178E+02 9.21930E-01 
4.60482E+00 7.55809E-03 2.18232E+02 7.79432E+00 2.80749E+02 2.66877E+04 2.80058E+03 6.25247E+00 4.46351E+02 3.09555E+02 6.78749E-01 
4.71208E+00 5.77500E-03 1.65048E+02 5.91436E+00 2.17063E+02 2.00527E+04 2.16017E+03 4.86208E+00 3.24962E+02 2.25376E+02 5.16480E-01 
4.82184E+00 4.55140E-03 1.28838E+02 4.63643E+00 1.73256E+02 1.55859E+04 1.72325E+03 3.89816E+00 2.53714E+02 1.75933E+02 4.05208E-01 
4.93415E+00 3.68363E-03 1.02981E+02 3.73801E+00 1.41939E+02 1.24623E+04 1.41474E+03 3.20838E+00 2.03862E+02 1.41338E+02 3.26371E-01 
5.04908E+00 3.04654E-03 8.43954E+01 3.08261E+00 1.17299E+02 1.01638E+04 1.18572E+03 2.69784E+00 1.67233E+02 1.15917E+02 2.68573E-01 
5.16669E+00 2.56462E-03 7.02612E+01 2.58914E+00 9.97574E+01 8.44429E+03 1.01226E+03 2.30869E+00 1.39741E+02 9.59010E+01 2.24930E-01 
5.28704E+00 2.19148E-03 5.93483E+01 2.20822E+00 8.71882E+01 7.13114E+03 8.78362E+02 2.00516E+00 1.18690E+02 8.17453E+01 1.91197E-01 
5.41019E+00 1.89753E-03 5.07722E+01 1.90894E+00 7.62144E+01 6.09149E+03 7.71458E+02 1.76436E+00 1.02041E+02 7.06796E+01 1.64660E-01 
5.53621E+00 1.66238E-03 4.39413E+01 1.67025E+00 6.73955E+01 5.26501E+03 6.85683E+02 1.57045E+00 8.87822E+01 6.14793E+01 1.43452E-01 
5.66516E+00 1.47123E-03 3.83986E+01 1.47671E+00 6.02137E+01 4.60166E+03 6.16240E+02 1.41188E+00 7.81101E+01 5.40746E+01 1.26233E-01 
5.79712E+00 1.31348E-03 3.38336E+01 1.31730E+00 5.42105E+01 4.05217E+03 5.58286E+02 1.28024E+00 6.92764E+01 4.79450E+01 1.12042E-01 
5.93216E+00 1.18156E-03 3.00368E+01 1.18420E+00 4.91811E+01 3.59461E+03 5.09611E+02 1.16955E+00 6.19093E+01 4.28423E+01 1.00192E-01 
6.07033E+00 1.07000E-03 2.68351E+01 1.07181E+00 4.48981E+01 3.21199E+03 4.68530E+02 1.07545E+00 5.57262E+01 3.85414E+01 9.01872E-02 
6.21173E+00 9.74782E-04 2.41096E+01 9.75975E-01 4.12172E+01 2.88530E+03 4.33180E+02 9.94729E-01 5.04444E+01 3.48738E+01 8.16612E-02 
6.35642E+00 8.92829E-04 2.17750E+01 8.93585E-01 3.80313E+01 2.60469E+03 4.02595E+02 9.24902E-01 4.59042E+01 3.17323E+01 7.43324E-02 
6.50448E+00 8.21745E-04 1.97549E+01 8.22194E-01 3.52569E+01 2.36337E+03 3.76074E+02 8.64053E-01 4.19870E+01 2.90104E+01 6.79845E-02 
6.65599E+00 7.59641E-04 1.79964E+01 7.59871E-01 3.28148E+01 2.15307E+03 3.52783E+02 8.10648E-01 3.85677E+01 2.66351E+01 6.24460E-02 
6.81103E+00 7.05038E-04 1.64558E+01 7.05115E-01 3.06552E+01 1.96834E+03 3.32188E+02 7.63490E-01 3.55628E+01 2.45551E+01 5.75830E-02 
6.96967E+00 6.56772E-04 1.50976E+01 6.56741E-01 2.87324E+01 1.80614E+03 3.13974E+02 7.21631E-01 3.29169E+01 2.27168E+01 5.32894E-02 
7.13202E+00 6.13912E-04 1.38948E+01 6.13809E-01 2.70137E+01 1.66254E+03 2.97739E+02 6.84311E-01 3.05698E+01 2.10873E+01 4.94800E-02 
7.29815E+00 5.75706E-04 1.28255E+01 5.75557E-01 2.54702E+01 1.53446E+03 2.83185E+02 6.50918E-01 2.84761E+01 1.96362E+01 4.60861E-02 
7.46814E+00 5.41531E-04 1.18698E+01 5.41359E-01 2.40806E+01 1.42040E+03 2.70168E+02 6.20942E-01 2.66082E+01 1.83387E+01 4.30506E-02 
7.64210E+00 5.10855E-04 1.10128E+01 5.10681E-01 2.28229E+01 1.31817E+03 2.58454E+02 5.93947E-01 2.49320E+01 1.71752E+01 4.03252E-02 
7.82010E+00 4.83227E-04 1.02414E+01 4.83065E-01 2.16801E+01 1.22591E+03 2.47851E+02 5.69558E-01 2.34195E+01 1.61252E+01 3.78691E-02 
8.00226E+00 4.58261E-04 9.54469E+00 4.58126E-01 2.06360E+01 1.14278E+03 2.38278E+02 5.47465E-01 2.20549E+01 1.51777E+01 3.56483E-02 
8.18865E+00 4.35619E-04 8.91293E+00 4.35520E-01 1.96813E+01 1.06747E+03 2.29590E+02 5.27380E-01 2.08176E+01 1.43176E+01 3.36325E-02 
8.37939E+00 4.15017E-04 8.33798E+00 4.14963E-01 1.88051E+01 9.98806E+02 2.21652E+02 5.09068E-01 1.96891E+01 1.35345E+01 3.17967E-02 
8.57457E+00 3.96216E-04 7.81372E+00 3.96211E-01 1.79981E+01 9.36267E+02 2.14415E+02 4.92325E-01 1.86600E+01 1.28193E+01 3.01195E-02 
8.77430E+00 3.79011E-04 7.33392E+00 3.79060E-01 1.72532E+01 8.79119E+02 2.07802E+02 4.76984E-01 1.77186E+01 1.21642E+01 2.85829E-02 
8.97868E+00 3.63230E-04 6.89378E+00 3.63336E-01 1.65617E+01 8.26592E+02 2.01719E+02 4.62896E-01 1.68528E+01 1.15626E+01 2.71714E-02 
9.18782E+00 3.48726E-04 6.48903E+00 3.48893E-01 1.59202E+01 7.78313E+02 1.96132E+02 4.49936E-01 1.60563E+01 1.10088E+01 2.58717E-02 
9.40183E+00 3.35366E-04 6.11596E+00 3.35597E-01 1.53233E+01 7.33912E+02 1.91006E+02 4.37993E-01 1.53227E+01 1.04977E+01 2.46720E-02 
9.62083E+00 3.23033E-04 5.77134E+00 3.23331E-01 1.47653E+01 6.92812E+02 1.86267E+02 4.26965E-01 1.46435E+01 1.00250E+01 2.35621E-02 
9.84493E+00 3.11624E-04 5.45231E+00 3.11991E-01 1.42437E+01 6.54784E+02 1.81892E+02 4.16766E-01 1.40141E+01 9.58679E+00 2.25328E-02 
1.00742E+01 3.01048E-04 5.15639E+00 3.01486E-01 1.37553E+01 6.19566E+02 1.77855E+02 4.07317E-01 1.34303E+01 9.17958E+00 2.15764E-02 
1.03089E+01 2.91224E-04 4.88149E+00 2.91734E-01 1.32959E+01 5.86798E+02 1.74109E+02 3.98547E-01 1.28865E+01 8.80051E+00 2.06856E-02 
1.05490E+01 2.82079E-04 4.62543E+00 2.82663E-01 1.28637E+01 5.56306E+02 1.70635E+02 3.90393E-01 1.23795E+01 8.44644E+00 1.98542E-02 
1.07947E+01 2.73552E-04 4.38678E+00 2.74211E-01 1.24563E+01 5.27892E+02 1.67412E+02 3.82804E-01 1.19060E+01 8.11629E+00 1.90770E-02 
1.10462E+01 2.65587E-04 4.16391E+00 2.66322E-01 1.20716E+01 5.01348E+02 1.64414E+02 3.75731E-01 1.14629E+01 7.80653E+00 1.83491E-02 
1.13035E+01 2.58134E-04 3.95547E+00 2.58946E-01 1.17075E+01 4.76530E+02 1.61624E+02 3.69130E-01 1.10478E+01 7.51604E+00 1.76661E-02 
1.15668E+01 2.51152E-04 3.76029E+00 2.52041E-01 1.13626E+01 4.53295E+02 1.59027E+02 3.62964E-01 1.06575E+01 7.24306E+00 1.70244E-02 
1.18362E+01 2.44600E-04 3.57730E+00 2.45569E-01 1.10355E+01 4.31510E+02 1.56607E+02 3.57199E-01 1.02909E+01 6.98635E+00 1.64205E-02 
1.21119E+01 2.38445E-04 3.40554E+00 2.39494E-01 1.07249E+01 4.11066E+02 1.54352E+02 3.51805E-01 9.94585E+00 6.74443E+00 1.58514E-02 
1.23940E+01 2.32656E-04 3.24415E+00 2.33785E-01 1.04296E+01 3.91854E+02 1.52249E+02 3.46756E-01 9.62082E+00 6.51617E+00 1.53143E-02 
1.26827E+01 2.27205E-04 3.09235E+00 2.28415E-01 1.01484E+01 3.73787E+02 1.50288E+02 3.42027E-01 9.31306E+00 6.30054E+00 1.48070E-02 
1.29781E+01 2.22067E-04 2.94944E+00 2.23359E-01 9.88055E+00 3.56779E+02 1.48460E+02 3.37596E-01 9.02360E+00 6.09661E+00 1.43271E-02 
1.32804E+01 2.17218E-04 2.81477E+00 2.18594E-01 9.62513E+00 3.40751E+02 1.46757E+02 3.33443E-01 8.74932E+00 5.90351E+00 1.38726E-02 
1.35898E+01 2.12640E-04 2.68778E+00 2.14100E-01 9.38142E+00 3.25638E+02 1.45170E+02 3.29551E-01 8.48969E+00 5.72061E+00 1.34419E-02 
1.39063E+01 2.08314E-04 2.56794E+00 2.09858E-01 9.14866E+00 3.11374E+02 1.43693E+02 3.25905E-01 8.24369E+00 5.54736E+00 1.30332E-02 
1.42302E+01 2.04222E-04 2.45477E+00 2.05853E-01 8.92630E+00 2.97904E+02 1.42320E+02 3.22489E-01 8.01101E+00 5.38248E+00 1.26450E-02 
1.45617E+01 2.00350E-04 2.34791E+00 2.02068E-01 8.71400E+00 2.85183E+02 1.41046E+02 3.19295E-01 7.78900E+00 5.22524E+00 1.22762E-02 
1.49009E+01 1.96685E-04 2.24699E+00 1.98491E-01 8.51139E+00 2.73168E+02 1.39867E+02 3.16312E-01 7.57817E+00 5.07634E+00 1.19256E-02 
1.52480E+01 1.93214E-04 2.15171E+00 1.95109E-01 8.31822E+00 2.61820E+02 1.38779E+02 3.13533E-01 7.37877E+00 4.93421E+00 1.15921E-02 
1.56032E+01 1.89926E-04 2.06181E+00 1.91911E-01 8.13446E+00 2.51110E+02 1.37780E+02 3.10953E-01 7.18992E+00 4.80002E+00 1.12749E-02 
1.59666E+01 1.86812E-04 1.97712E+00 1.88888E-01 7.96030E+00 2.41016E+02 1.36868E+02 3.08573E-01 7.00977E+00 4.67176E+00 1.09733E-02 
1.63385E+01 1.83864E-04 1.89752E+00 1.86030E-01 7.79609E+00 2.31522E+02 1.36044E+02 3.06395E-01 6.83894E+00 4.55001E+00 1.06868E-02 
1.67191E+01 1.81074E-04 1.82289E+00 1.83331E-01 7.64221E+00 2.22613E+02 1.35309E+02 3.04426E-01 6.67701E+00 4.43449E+00 1.04149E-02 
1.71085E+01 1.78437E-04 1.75311E+00 1.80784E-01 7.49903E+00 2.14276E+02 1.34665E+02 3.02672E-01 6.52356E+00 4.32499E+00 1.01574E-02 
1.75070E+01 1.75945E-04 1.68799E+00 1.78382E-01 7.36670E+00 2.06490E+02 1.34113E+02 3.01139E-01 6.37846E+00 4.22102E+00 9.91367E-03 
1.79148E+01 1.73594E-04 1.62731E+00 1.76120E-01 7.24508E+00 1.99227E+02 1.33653E+02 2.99829E-01 6.24133E+00 4.12336E+00 9.68331E-03 
1.83321E+01 1.71377E-04 1.57079E+00 1.73991E-01 7.13388E+00 1.92457E+02 1.33285E+02 2.98742E-01 6.11182E+00 4.03111E+00 9.46574E-03 
1.87591E+01 1.69289E-04 1.51819E+00 1.71990E-01 7.03288E+00 1.86151E+02 1.33009E+02 2.97880E-01 5.98962E+00 3.94384E+00 9.26046E-03 
1.91961E+01 1.67326E-04 1.46930E+00 1.70112E-01 6.94188E+00 1.80284E+02 1.32825E+02 2.97245E-01 5.87447E+00 3.86140E+00 9.06701E-03 
1.96432E+01 1.65482E-04 1.42390E+00 1.68353E-01 6.86065E+00 1.74829E+02 1.32735E+02 2.96839E-01 5.76605E+00 3.78379E+00 8.88494E-03 
2.01008E+01 1.63754E-04 1.38175E+00 1.66709E-01 6.78888E+00 1.69763E+02 1.32737E+02 2.96663E-01 5.66412E+00 3.71105E+00 8.71375E-03 
2.05690E+01 1.62137E-04 1.34262E+00 1.65173E-01 6.72611E+00 1.65055E+02 1.32830E+02 2.96713E-01 5.56834E+00 3.64261E+00 8.55290E-03 
2.10481E+01 1.60626E-04 1.30625E+00 1.63743E-01 6.67180E+00 1.60677E+02 1.33013E+02 2.96986E-01 5.47838E+00 3.57833E+00 8.40182E-03 
2.15384E+01 1.59217E-04 1.27244E+00 1.62414E-01 6.62555E+00 1.56604E+02 1.33285E+02 2.97478E-01 5.39396E+00 3.51798E+00 8.25999E-03 
2.20400E+01 1.57906E-04 1.24101E+00 1.61183E-01 6.58703E+00 1.52815E+02 1.33644E+02 2.98190E-01 5.31481E+00 3.46137E+00 8.12698E-03 
2.25534E+01 1.56690E-04 1.21180E+00 1.60042E-01 6.55599E+00 1.49292E+02 1.34090E+02 2.99119E-01 5.24071E+00 3.40834E+00 8.00239E-03 
2.30788E+01 1.55566E-04 1.18466E+00 1.58994E-01 6.53220E+00 1.46018E+02 1.34624E+02 3.00267E-01 5.17145E+00 3.35873E+00 7.88584E-03 
2.36163E+01 1.54531E-04 1.15946E+00 1.58033E-01 6.51544E+00 1.42976E+02 1.35244E+02 3.01633E-01 5.10679E+00 3.31238E+00 7.77696E-03 
2.41664E+01 1.53581E-04 1.13607E+00 1.57157E-01 6.50546E+00 1.40151E+02 1.35950E+02 3.03217E-01 5.04655E+00 3.26914E+00 7.67541E-03 
2.47293E+01 1.52714E-04 1.11437E+00 1.56363E-01 6.50206E+00 1.37529E+02 1.36742E+02 3.05017E-01 4.99053E+00 3.22887E+00 7.58082E-03 
2.53054E+01 1.51927E-04 1.09424E+00 1.55648E-01 6.50162E+00 1.35097E+02 1.37620E+02 3.06943E-01 4.93852E+00 3.19143E+00 7.49289E-03 
2.58948E+01 1.51218E-04 1.07559E+00 1.55009E-01 6.49617E+00 1.32843E+02 1.38582E+02 3.08631E-01 4.89037E+00 3.15669E+00 7.41131E-03 
2.64980E+01 1.50585E-04 1.05835E+00 1.54445E-01 6.49202E+00 1.30758E+02 1.39630E+02 3.10160E-01 4.84594E+00 3.12455E+00 7.33585E-03 
2.71152E+01 1.50025E-04 1.04242E+00 1.53953E-01 6.49333E+00 1.28832E+02 1.40763E+02 3.11868E-01 4.80506E+00 3.09490E+00 7.26625E-03 
2.77468E+01 1.49536E-04 1.02773E+00 1.53532E-01 6.49994E+00 1.27056E+02 1.41982E+02 3.13757E-01 4.76761E+00 3.06764E+00 7.20227E-03 
2.83931E+01 1.49117E-04 1.01422E+00 1.53179E-01 6.51169E+00 1.25423E+02 1.43286E+02 3.15825E-01 4.73344E+00 3.04268E+00 7.14367E-03 
2.90544E+01 1.48764E-04 1.00181E+00 1.52892E-01 6.52841E+00 1.23922E+02 1.44675E+02 3.18068E-01 4.70241E+00 3.01990E+00 7.09020E-03 
2.97312E+01 1.48477E-04 9.90430E-01 1.52670E-01 6.54991E+00 1.22546E+02 1.46149E+02 3.20484E-01 4.67438E+00 2.99920E+00 7.04161E-03 
3.04237E+01 1.48252E-04 9.80007E-01 1.52509E-01 6.57596E+00 1.21286E+02 1.47707E+02 3.23069E-01 4.64920E+00 2.98047E+00 6.99766E-03 
3.11324E+01 1.48087E-04 9.70477E-01 1.52409E-01 6.60637E+00 1.20135E+02 1.49348E+02 3.25818E-01 4.62672E+00 2.96361E+00 6.95810E-03 
3.18576E+01 1.47981E-04 9.61782E-01 1.52367E-01 6.64094E+00 1.19085E+02 1.51071E+02 3.28729E-01 4.60684E+00 2.94853E+00 6.92271E-03 
3.25996E+01 1.47932E-04 9.53867E-01 1.52381E-01 6.67953E+00 1.18130E+02 1.52876E+02 3.31799E-01 4.58942E+00 2.93514E+00 6.89130E-03 
3.33590E+01 1.47938E-04 9.46686E-01 1.52450E-01 6.72198E+00 1.17264E+02 1.54761E+02 3.35024E-01 4.57436E+00 2.92337E+00 6.86368E-03 
3.41360E+01 1.47997E-04 9.40196E-01 1.52572E-01 6.76819E+00 1.16483E+02 1.56729E+02 3.38402E-01 4.56157E+00 2.91315E+00 6.83969E-03 
3.49311E+01 1.48108E-04 9.34362E-01 1.52746E-01 6.81805E+00 1.15781E+02 1.58777E+02 3.41932E-01 4.55096E+00 2.90440E+00 6.81918E-03 
3.57448E+01 1.48270E-04 9.29154E-01 1.52970E-01 6.87150E+00 1.15155E+02 1.60906E+02 3.45613E-01 4.54245E+00 2.89709E+00 6.80203E-03 
3.65774E+01 1.48481E-04 9.24541E-01 1.53244E-01 6.92848E+00 1.14602E+02 1.63117E+02 3.49444E-01 4.53598E+00 2.89115E+00 6.78812E-03 
3.74294E+01 1.48741E-04 9.20495E-01 1.53567E-01 6.98890E+00 1.14119E+02 1.65410E+02 3.53422E-01 4.53146E+00 2.88655E+00 6.77732E-03 
3.83012E+01 1.49048E-04 9.16987E-01 1.53936E-01 7.05267E+00 1.13701E+02 1.67785E+02 3.57546E-01 4.52883E+00 2.88321E+00 6.76951E-03 
3.91934E+01 1.49400E-04 9.13985E-01 1.54352E-01 7.11970E+00 1.13345E+02 1.70241E+02 3.61814E-01 4.52802E+00 2.88110E+00 6.76456E-03 
4.01063E+01 1.49797E-04 9.11461E-01 1.54812E-01 7.18986E+00 1.13047E+02 1.72778E+02 3.66223E-01 4.52893E+00 2.88015E+00 6.76234E-03 
4.10405E+01 1.50237E-04 9.09387E-01 1.55315E-01 7.26305E+00 1.12804E+02 1.75395E+02 3.70771E-01 4.53152E+00 2.88031E+00 6.76274E-03 
4.19964E+01 1.50720E-04 9.07740E-01 1.55862E-01 7.33919E+00 1.12614E+02 1.78093E+02 3.75455E-01 4.53572E+00 2.88155E+00 6.76566E-03 
4.29747E+01 1.51244E-04 9.06498E-01 1.56449E-01 7.41820E+00 1.12473E+02 1.80872E+02 3.80273E-01 4.54147E+00 2.88382E+00 6.77101E-03 
4.39757E+01 1.51808E-04 9.05643E-01 1.57078E-01 7.50001E+00 1.12380E+02 1.83732E+02 3.85225E-01 4.54872E+00 2.88709E+00 6.77869E-03 
4.50000E+01 1.52412E-04 9.05158E-01 1.57747E-01 7.58458E+00 1.12332E+02 1.86673E+02 3.90309E-01 4.55744E+00 2.89132E+00 6.78864E-03 
4.60482E+01 1.53054E-04 9.05029E-01 1.58455E-01 7.67186E+00 1.12329E+02 1.89695E+02 3.95524E-01 4.56757E+00 2.89649E+00 6.80079E-03 
4.71208E+01 1.53735E-04 9.05244E-01 1.59203E-01 7.76182E+00 1.12367E+02 1.92799E+02 4.00870E-01 4.57910E+00 2.90258E+00 6.81509E-03 
4.82184E+01 1.54454E-04 9.05790E-01 1.59988E-01 7.85443E+00 1.12446E+02 1.95985E+02 4.06346E-01 4.59198E+00 2.90955E+00 6.83148E-03 
4.93415E+01 1.55210E-04 9.06659E-01 1.60812E-01 7.94968E+00 1.12565E+02 1.99254E+02 4.11952E-01 4.60619E+00 2.91740E+00 6.84992E-03 
5.04908E+01 1.56003E-04 9.07843E-01 1.61672E-01 8.04755E+00 1.12722E+02 2.02607E+02 4.17688E-01 4.62171E+00 2.92611E+00 6.87037E-03 
5.16669E+01 1.56833E-04 9.09332E-01 1.62570E-01 8.14803E+00 1.12918E+02 2.06045E+02 4.23554E-01 4.63851E+00 2.93565E+00 6.89279E-03 
5.28704E+01 1.57698E-04 9.11121E-01 1.63505E-01 8.25112E+00 1.13150E+02 2.09567E+02 4.29550E-01 4.65657E+00 2.94602E+00 6.91714E-03 
5.41019E+01 1.58599E-04 9.13200E-01 1.64475E-01 8.35679E+00 1.13418E+02 2.13175E+02 4.35676E-01 4.67587E+00 2.95720E+00 6.94340E-03 
5.53621E+01 1.59535E-04 9.15565E-01 1.65482E-01 8.46505E+00 1.13721E+02 2.16870E+02 4.41931E-01 4.69638E+00 2.96917E+00 6.97151E-03 
5.66516E+01 1.60506E-04 9.18207E-01 1.66524E-01 8.57588E+00 1.14058E+02 2.20651E+02 4.48316E-01 4.71810E+00 2.98193E+00 7.00147E-03 
5.79712E+01 1.61512E-04 9.21122E-01 1.67602E-01 8.68927E+00 1.14429E+02 2.24520E+02 4.54831E-01 4.74100E+00 2.99545E+00 7.03322E-03 
5.93216E+01 1.62552E-04 9.24303E-01 1.68714E-01 8.80522E+00 1.14833E+02 2.28478E+02 4.61475E-01 4.76506E+00 3.00973E+00 7.06676E-03 
6.07033E+01 1.63627E-04 9.27745E-01 1.69861E-01 8.92371E+00 1.15269E+02 2.32524E+02 4.68249E-01 4.79027E+00 3.02476E+00 7.10205E-03 
6.21173E+01 1.64735E-04 9.31444E-01 1.71043E-01 9.04475E+00 1.15736E+02 2.36660E+02 4.75152E-01 4.81662E+00 3.04052E+00 7.13906E-03 
6.35642E+01 1.65876E-04 9.35396E-01 1.72259E-01 9.16833E+00 1.16235E+02 2.40887E+02 4.82185E-01 4.84409E+00 3.05701E+00 7.17779E-03 
6.50448E+01 1.67051E-04 9.39595E-01 1.73509E-01 9.29445E+00 1.16765E+02 2.45204E+02 4.89347E-01 4.87266E+00 3.07422E+00 7.21820E-03 
6.65599E+01 1.68259E-04 9.44039E-01 1.74793E-01 9.42310E+00 1.17324E+02 2.49613E+02 4.96640E-01 4.90234E+00 3.09214E+00 7.26028E-03 
6.81103E+01 1.69500E-04 9.48724E-01 1.76111E-01 9.55430E+00 1.17914E+02 2.54114E+02 5.04062E-01 4.93310E+00 3.11077E+00 7.30401E-03 
6.96967E+01 1.70774E-04 9.53647E-01 1.77462E-01 9.68802E+00 1.18533E+02 2.58708E+02 5.11614E-01 4.96494E+00 3.13009E+00 7.34937E-03 
7.13202E+01 1.72080E-04 9.58804E-01 1.78847E-01 9.82429E+00 1.19181E+02 2.63396E+02 5.19297E-01 4.99785E+00 3.15010E+00 7.39635E-03 
7.29815E+01 1.73419E-04 9.64192E-01 1.80265E-01 9.96308E+00 1.19857E+02 2.68178E+02 5.27109E-01 5.03181E+00 3.17079E+00 7.44494E-03 
7.46814E+01 1.74790E-04 9.69808E-01 1.81716E-01 1.01044E+01 1.20561E+02 2.73055E+02 5.35051E-01 5.06682E+00 3.19215E+00 7.49510E-03 
7.64210E+01 1.76194E-04 9.75649E-01 1.83201E-01 1.02482E+01 1.21294E+02 2.78026E+02 5.43123E-01 5.10287E+00 3.21419E+00 7.54684E-03 
7.82010E+01 1.77630E-04 9.81712E-01 1.84718E-01 1.03946E+01 1.22054E+02 2.83094E+02 5.51325E-01 5.13995E+00 3.23689E+00 7.60014E-03 
8.00226E+01 1.79097E-04 9.87995E-01 1.86268E-01 1.05435E+01 1.22841E+02 2.88257E+02 5.59657E-01 5.17805E+00 3.26024E+00 7.65498E-03 
8.18865E+01 1.80596E-04 9.94494E-01 1.87850E-01 1.06948E+01 1.23654E+02 2.93518E+02 5.68119E-01 5.21716E+00 3.28425E+00 7.71135E-03 
8.37939E+01 1.82128E-04 1.00121E+00 1.89466E-01 1.08487E+01 1.24495E+02 2.98875E+02 5.76710E-01 5.25729E+00 3.30891E+00 7.76924E-03 
8.57457E+01 1.83691E-04 1.00813E+00 1.91114E-01 1.10051E+01 1.25361E+02 3.04330E+02 5.85431E-01 5.29841E+00 3.33421E+00 7.82863E-03 
8.77430E+01 1.85285E-04 1.01527E+00 1.92794E-01 1.11640E+01 1.26254E+02 3.09883E+02 5.94281E-01 5.34052E+00 3.36014E+00 7.88953E-03 
8.97868E+01 1.86911E-04 1.02261E+00 1.94507E-01 1.13254E+01 1.27172E+02 3.15535E+02 6.03261E-01 5.38363E+00 3.38671E+00 7.95191E-03 
9.18782E+01 1.88569E-04 1.03016E+00 1.96252E-01 1.14892E+01 1.28116E+02 3.21285E+02 6.12370E-01 5.42772E+00 3.41391E+00 8.01577E-03 
9.40183E+01 1.90258E-04 1.03791E+00 1.98030E-01 1.16556E+01 1.29085E+02 3.27134E+02 6.21609E-01 5.47278E+00 3.44174E+00 8.08109E-03 
9.62083E+01 1.91978E-04 1.04587E+00 1.99841E-01 1.18244E+01 1.30078E+02 3.33084E+02 6.30977E-01 5.51882E+00 3.47018E+00 8.14788E-03 
9.84493E+01 1.93730E-04 1.05402E+00 2.01683E-01 1.19957E+01 1.31097E+02 3.39133E+02 6.40474E-01 5.56583E+00 3.49925E+00 8.21612E-03 
1.00742E+02 1.95514E-04 1.06237E+00 2.03558E-01 1.21695E+01 1.32140E+02 3.45282E+02 6.50101E-01 5.61380E+00 3.52894E+00 8.28582E-03 
1.03089E+02 1.97329E-04 1.07092E+00 2.05466E-01 1.23457E+01 1.33208E+02 3.51533E+02 6.59857E-01 5.66274E+00 3.55923E+00 8.35695E-03 
1.05490E+02 1.99175E-04 1.07967E+00 2.07406E-01 1.25244E+01 1.34300E+02 3.57884E+02 6.69743E-01 5.71264E+00 3.59014E+00 8.42952E-03 
1.07947E+02 2.01053E-04 1.08861E+00 2.09379E-01 1.27055E+01 1.35416E+02 3.64337E+02 6.79758E-01 5.76350E+00 3.62166E+00 8.50352E-03 
1.10462E+02 2.02963E-04 1.09774E+00 2.11384E-01 1.28892E+01 1.36556E+02 3.70891E+02 6.89903E-01 5.81531E+00 3.65379E+00 8.57896E-03 
1.13035E+02 2.04904E-04 1.10707E+00 2.13422E-01 1.30753E+01 1.37720E+02 3.77548E+02 7.00178E-01 5.86808E+00 3.68653E+00 8.65582E-03 
1.15668E+02 2.06877E-04 1.11659E+00 2.15493E-01 1.32638E+01 1.38908E+02 3.84307E+02 7.10583E-01 5.92180E+00 3.71988E+00 8.73410E-03 
1.18362E+02 2.08881E-04 1.12630E+00 2.17596E-01 1.34548E+01 1.40119E+02 3.91169E+02 7.21118E-01 5.97648E+00 3.75383E+00 8.81381E-03 
1.21119E+02 2.10918E-04 1.13620E+00 2.19733E-01 1.36483E+01 1.41354E+02 3.98134E+02 7.31784E-01 6.03212E+00 3.78839E+00 8.89495E-03 
1.23940E+02 2.12986E-04 1.14629E+00 2.21902E-01 1.38443E+01 1.42613E+02 4.05203E+02 7.42581E-01 6.08871E+00 3.82355E+00 8.97751E-03 
1.26827E+02 2.15087E-04 1.15657E+00 2.24105E-01 1.40428E+01 1.43895E+02 4.12376E+02 7.53510E-01 6.14626E+00 3.85932E+00 9.06149E-03 
1.29781E+02 2.17219E-04 1.16704E+00 2.26342E-01 1.42437E+01 1.45201E+02 4.19653E+02 7.64570E-01 6.20476E+00 3.89570E+00 9.14690E-03 
1.32804E+02 2.19384E-04 1.17770E+00 2.28612E-01 1.44471E+01 1.46531E+02 4.27035E+02 7.75763E-01 6.26423E+00 3.93269E+00 9.23374E-03 
1.35898E+02 2.21582E-04 1.18854E+00 2.30915E-01 1.46531E+01 1.47883E+02 4.34522E+02 7.87088E-01 6.32466E+00 3.97029E+00 9.32201E-03 
1.39063E+02 2.23812E-04 1.19958E+00 2.33253E-01 1.48615E+01 1.49260E+02 4.42115E+02 7.98547E-01 6.38605E+00 4.00850E+00 9.41171E-03 
1.42302E+02 2.26075E-04 1.21081E+00 2.35624E-01 1.50724E+01 1.50660E+02 4.49813E+02 8.10140E-01 6.44842E+00 4.04732E+00 9.50286E-03 
1.45617E+02 2.28372E-04 1.22223E+00 2.38030E-01 1.52859E+01 1.52083E+02 4.57618E+02 8.21867E-01 6.51175E+00 4.08676E+00 9.59544E-03 
1.49009E+02 2.30701E-04 1.23383E+00 2.40470E-01 1.55019E+01 1.53530E+02 4.65529E+02 8.33729E-01 6.57606E+00 4.12681E+00 9.68947E-03 
1.52480E+02 2.33064E-04 1.24563E+00 2.42945E-01 1.57205E+01 1.55001E+02 4.73548E+02 8.45728E-01 6.64135E+00 4.16748E+00 9.78496E-03 
1.56032E+02 2.35460E-04 1.25762E+00 2.45455E-01 1.59416E+01 1.56495E+02 4.81674E+02 8.57863E-01 6.70762E+00 4.20877E+00 9.88190E-03 
1.59666E+02 2.37890E-04 1.26980E+00 2.47999E-01 1.61653E+01 1.58013E+02 4.89908E+02 8.70135E-01 6.77488E+00 4.25069E+00 9.98031E-03 
1.63385E+02 2.40354E-04 1.28217E+00 2.50580E-01 1.63916E+01 1.59555E+02 4.98251E+02 8.82546E-01 6.84314E+00 4.29323E+00 1.00802E-02 
1.67191E+02 2.42852E-04 1.29473E+00 2.53195E-01 1.66204E+01 1.61121E+02 5.06702E+02 8.95096E-01 6.91239E+00 4.33640E+00 1.01815E-02 
1.71085E+02 2.45385E-04 1.30749E+00 2.55847E-01 1.68519E+01 1.62711E+02 5.15263E+02 9.07786E-01 6.98265E+00 4.38021E+00 1.02844E-02 
1.75070E+02 2.47953E-04 1.32044E+00 2.58535E-01 1.70861E+01 1.64325E+02 5.23934E+02 9.20617E-01 7.05392E+00 4.42465E+00 1.03887E-02 
1.79148E+02 2.50556E-04 1.33359E+00 2.61259E-01 1.73228E+01 1.65964E+02 5.32715E+02 9.33590E-01 7.12620E+00 4.46974E+00 1.04946E-02 
1.83321E+02 2.53193E-04 1.34693E+00 2.64020E-01 1.75623E+01 1.67627E+02 5.41607E+02 9.46706E-01 7.19951E+00 4.51547E+00 1.06019E-02 
1.87591E+02 2.55867E-04 1.36047E+00 2.66817E-01 1.78044E+01 1.69314E+02 5.50611E+02 9.59967E-01 7.27385E+00 4.56184E+00 1.07108E-02 
1.91961E+02 2.58576E-04 1.37421E+00 2.69652E-01 1.80493E+01 1.71026E+02 5.59726E+02 9.73373E-01 7.34922E+00 4.60887E+00 1.08212E-02 
1.96432E+02 2.61322E-04 1.38815E+00 2.72525E-01 1.82969E+01 1.72763E+02 5.68954E+02 9.86925E-01 7.42564E+00 4.65656E+00 1.09332E-02 
2.01008E+02 2.64103E-04 1.40228E+00 2.75436E-01 1.85472E+01 1.74524E+02 5.78296E+02 1.00062E+00 7.50311E+00 4.70491E+00 1.10467E-02 
2.05690E+02 2.66922E-04 1.41662E+00 2.78384E-01 1.88003E+01 1.76311E+02 5.87751E+02 1.01447E+00 7.58163E+00 4.75392E+00 1.11618E-02 
2.10481E+02 2.69777E-04 1.43117E+00 2.81371E-01 1.90562E+01 1.78123E+02 5.97320E+02 1.02847E+00 7.66123E+00 4.80361E+00 1.12784E-02 
2.15384E+02 2.72670E-04 1.44591E+00 2.84398E-01 1.93149E+01 1.79960E+02 6.07004E+02 1.04262E+00 7.74190E+00 4.85397E+00 1.13967E-02 
2.20400E+02 2.75601E-04 1.46087E+00 2.87463E-01 1.95764E+01 1.81823E+02 6.16804E+02 1.05693E+00 7.82365E+00 4.90502E+00 1.15165E-02 
2.25534E+02 2.78569E-04 1.47603E+00 2.90568E-01 1.98408E+01 1.83712E+02 6.26720E+02 1.07138E+00 7.90649E+00 4.95675E+00 1.16380E-02 
2.30788E+02 2.81576E-04 1.49139E+00 2.93712E-01 2.01082E+01 1.85626E+02 6.36753E+02 1.08600E+00 7.99044E+00 5.00917E+00 1.17610E-02 
2.36163E+02 2.84621E-04 1.50697E+00 2.96897E-01 2.03784E+01 1.87567E+02 6.46903E+02 1.10077E+00 8.07550E+00 5.06229E+00 1.18858E-02 
2.41664E+02 2.87706E-04 1.52276E+00 3.00123E-01 2.06516E+01 1.89534E+02 6.57172E+02 1.11569E+00 8.16167E+00 5.11612E+00 1.20121E-02 
2.47293E+02 2.90830E-04 1.53877E+00 3.03390E-01 2.09277E+01 1.91528E+02 6.67560E+02 1.13078E+00 8.24898E+00 5.17065E+00 1.21402E-02 
2.53054E+02 2.93994E-04 1.55499E+00 3.06698E-01 2.12068E+01 1.93549E+02 6.78067E+02 1.14603E+00 8.33742E+00 5.22590E+00 1.22699E-02 
2.58948E+02 2.97197E-04 1.57142E+00 3.10048E-01 2.14890E+01 1.95596E+02 6.88695E+02 1.16145E+00 8.42701E+00 5.28188E+00 1.24013E-02 
2.64980E+02 3.00442E-04 1.58808E+00 3.13440E-01 2.17743E+01 1.97671E+02 6.99445E+02 1.17702E+00 8.51776E+00 5.33858E+00 1.25344E-02 
2.71152E+02 3.03727E-04 1.60495E+00 3.16875E-01 2.20626E+01 1.99773E+02 7.10317E+02 1.19277E+00 8.60969E+00 5.39601E+00 1.26692E-02 
2.77468E+02 3.07053E-04 1.62205E+00 3.20352E-01 2.23540E+01 2.01903E+02 7.21311E+02 1.20868E+00 8.70279E+00 5.45419E+00 1.28058E-02 
2.83931E+02 3.10422E-04 1.63937E+00 3.23874E-01 2.26486E+01 2.04060E+02 7.32430E+02 1.22477E+00 8.79708E+00 5.51311E+00 1.29442E-02 
2.90544E+02 3.13832E-04 1.65692E+00 3.27439E-01 2.29464E+01 2.06246E+02 7.43673E+02 1.24102E+00 8.89258E+00 5.57279E+00 1.30843E-02 
2.97312E+02 3.17285E-04 1.67470E+00 3.31048E-01 2.32474E+01 2.08460E+02 7.55041E+02 1.25745E+00 8.98928E+00 5.63323E+00 1.32262E-02 
3.04237E+02 3.20781E-04 1.69270E+00 3.34702E-01 2.35516E+01 2.10703E+02 7.66537E+02 1.27405E+00 9.08722E+00 5.69444E+00 1.33699E-02 
3.11324E+02 3.24320E-04 1.71094E+00 3.38402E-01 2.38592E+01 2.12975E+02 7.78159E+02 1.29083E+00 9.18639E+00 5.75642E+00 1.35154E-02 
3.18576E+02 3.27903E-04 1.72941E+00 3.42147E-01 2.41700E+01 2.15275E+02 7.89910E+02 1.30779E+00 9.28680E+00 5.81919E+00 1.36628E-02 
3.25996E+02 3.31530E-04 1.74812E+00 3.45938E-01 2.44842E+01 2.17606E+02 8.01791E+02 1.32494E+00 9.38848E+00 5.88275E+00 1.38120E-02 
3.33590E+02 3.35202E-04 1.76707E+00 3.49776E-01 2.48018E+01 2.19966E+02 8.13802E+02 1.34226E+00 9.49144E+00 5.94711E+00 1.39631E-02 
3.41360E+02 3.38919E-04 1.78626E+00 3.53661E-01 2.51228E+01 2.22356E+02 8.25944E+02 1.35977E+00 9.59567E+00 6.01228E+00 1.41161E-02 
3.49311E+02 3.42682E-04 1.80569E+00 3.57594E-01 2.54473E+01 2.24776E+02 8.38219E+02 1.37747E+00 9.70121E+00 6.07826E+00 1.42710E-02 
3.57448E+02 3.46491E-04 1.82537E+00 3.61574E-01 2.57753E+01 2.27227E+02 8.50628E+02 1.39535E+00 9.80806E+00 6.14506E+00 1.44278E-02 
3.65774E+02 3.50346E-04 1.84529E+00 3.65603E-01 2.61068E+01 2.29708E+02 8.63172E+02 1.41343E+00 9.91623E+00 6.21269E+00 1.45866E-02 
3.74294E+02 3.54249E-04 1.86547E+00 3.69682E-01 2.64419E+01 2.32221E+02 8.75851E+02 1.43170E+00 1.00257E+01 6.28117E+00 1.47474E-02 
3.83012E+02 3.58199E-04 1.88590E+00 3.73810E-01 2.67806E+01 2.34765E+02 8.88667E+02 1.45017E+00 1.01366E+01 6.35049E+00 1.49101E-02 
3.91934E+02 3.62197E-04 1.90658E+00 3.77988E-01 2.71230E+01 2.37341E+02 9.01622E+02 1.46883E+00 1.02488E+01 6.42066E+00 1.50749E-02 
4.01063E+02 3.66244E-04 1.92752E+00 3.82216E-01 2.74691E+01 2.39949E+02 9.14716E+02 1.48770E+00 1.03624E+01 6.49170E+00 1.52417E-02 
4.10405E+02 3.70340E-04 1.94873E+00 3.86496E-01 2.78189E+01 2.42590E+02 9.27951E+02 1.50677E+00 1.04774E+01 6.56362E+00 1.54105E-02 
4.19964E+02 3.74485E-04 1.97019E+00 3.90828E-01 2.81725E+01 2.45263E+02 9.41328E+02 1.52604E+00 1.05938E+01 6.63642E+00 1.55814E-02 
4.29747E+02 3.78681E-04 1.99192E+00 3.95212E-01 2.85299E+01 2.47969E+02 9.54848E+02 1.54552E+00 1.07117E+01 6.71011E+00 1.57544E-02 
4.39757E+02 3.82927E-04 2.01392E+00 3.99649E-01 2.88912E+01 2.50709E+02 9.68513E+02 1.56521E+00 1.08309E+01 6.78470E+00 1.59295E-02 
4.50000E+02 3.87225E-04 2.03619E+00 4.04139E-01 2.92565E+01 2.53483E+02 9.82324E+02 1.58511E+00 1.09517E+01 6.86020E+00 1.61068E-02 
4.60482E+02 3.91574E-04 2.05874E+00 4.08683E-01 2.96256E+01 2.56290E+02 9.96282E+02 1.60522E+00 1.10739E+01 6.93662E+00 1.62862E-02 
4.71208E+02 3.95976E-04 2.08156E+00 4.13282E-01 2.99988E+01 2.59132E+02 1.01039E+03 1.62555E+00 1.11975E+01 7.01398E+00 1.64678E-02 
4.82184E+02 4.00430E-04 2.10466E+00 4.17936E-01 3.03761E+01 2.62009E+02 1.02465E+03 1.64611E+00 1.13227E+01 7.09227E+00 1.66517E-02 
4.93415E+02 4.04938E-04 2.12804E+00 4.22646E-01 3.07574E+01 2.64921E+02 1.03906E+03 1.66688E+00 1.14494E+01 7.17151E+00 1.68377E-02 
5.04908E+02 4.09500E-04 2.15171E+00 4.27413E-01 3.11429E+01 2.67868E+02 1.05362E+03 1.68788E+00 1.15776E+01 7.25172E+00 1.70260E-02 
5.16669E+02 4.14117E-04 2.17567E+00 4.32236E-01 3.15326E+01 2.70852E+02 1.06833E+03 1.70911E+00 1.17074E+01 7.33289E+00 1.72166E-02 
5.28704E+02 4.18789E-04 2.19992E+00 4.37117E-01 3.19265E+01 2.73872E+02 1.08321E+03 1.73056E+00 1.18387E+01 7.41504E+00 1.74095E-02 
5.41019E+02 4.23517E-04 2.22446E+00 4.42056E-01 3.23248E+01 2.76928E+02 1.09824E+03 1.75225E+00 1.19716E+01 7.49819E+00 1.76047E-02 
5.53621E+02 4.28301E-04 2.24930E+00 4.47054E-01 3.27274E+01 2.80022E+02 1.11343E+03 1.77417E+00 1.21062E+01 7.58233E+00 1.78022E-02 
5.66516E+02 4.33142E-04 2.27444E+00 4.52112E-01 3.31343E+01 2.83152E+02 1.12878E+03 1.79634E+00 1.22423E+01 7.66749E+00 1.80022E-02 
5.79712E+02 4.38042E-04 2.29989E+00 4.57230E-01 3.35458E+01 2.86321E+02 1.14429E+03 1.81874E+00 1.23801E+01 7.75368E+00 1.82045E-02 
5.93216E+02 4.42999E-04 2.32564E+00 4.62409E-01 3.39617E+01 2.89528E+02 1.15997E+03 1.84139E+00 1.25195E+01 7.84090E+00 1.84093E-02 
6.07033E+02 4.48016E-04 2.35171E+00 4.67650E-01 3.43822E+01 2.92774E+02 1.17582E+03 1.86428E+00 1.26606E+01 7.92916E+00 1.86165E-02 
6.21173E+02 4.53092E-04 2.37809E+00 4.72952E-01 3.48073E+01 2.96059E+02 1.19183E+03 1.88743E+00 1.28033E+01 8.01849E+00 1.88262E-02 
6.35642E+02 4.58228E-04 2.40478E+00 4.78318E-01 3.52370E+01 2.99383E+02 1.20801E+03 1.91082E+00 1.29478E+01 8.10888E+00 1.90384E-02 
6.50448E+02 4.63426E-04 2.43180E+00 4.83748E-01 3.56715E+01 3.02748E+02 1.22437E+03 1.93448E+00 1.30940E+01 8.20035E+00 1.92532E-02 
6.65599E+02 4.68685E-04 2.45914E+00 4.89241E-01 3.61107E+01 3.06153E+02 1.24090E+03 1.95839E+00 1.32420E+01 8.29292E+00 1.94705E-02 
6.81103E+02 4.74006E-04 2.48681E+00 4.94800E-01 3.65548E+01 3.09598E+02 1.25760E+03 1.98256E+00 1.33917E+01 8.38659E+00 1.96904E-02 
6.96967E+02 4.79391E-04 2.51481E+00 5.00425E-01 3.70037E+01 3.13085E+02 1.27448E+03 2.00700E+00 1.35432E+01 8.48138E+00 1.99130E-02 
7.13202E+02 4.84839E-04 2.54315E+00 5.06116E-01 3.74576E+01 3.16614E+02 1.29154E+03 2.03170E+00 1.36965E+01 8.57730E+00 2.01382E-02 
7.29815E+02 4.90352E-04 2.57183E+00 5.11875E-01 3.79165E+01 3.20185E+02 1.30878E+03 2.05668E+00 1.38516E+01 8.67436E+00 2.03661E-02 
7.46814E+02 4.95930E-04 2.60085E+00 5.17701E-01 3.83805E+01 3.23798E+02 1.32620E+03 2.08193E+00 1.40086E+01 8.77257E+00 2.05967E-02 
7.64210E+02 5.01574E-04 2.63021E+00 5.23597E-01 3.88496E+01 3.27455E+02 1.34381E+03 2.10746E+00 1.41675E+01 8.87196E+00 2.08300E-02 
7.82010E+02 5.07285E-04 2.65993E+00 5.29562E-01 3.93239E+01 3.31155E+02 1.36161E+03 2.13327E+00 1.43282E+01 8.97252E+00 2.10661E-02 
8.00226E+02 5.13063E-04 2.69000E+00 5.35597E-01 3.98034E+01 3.34899E+02 1.37960E+03 2.15937E+00 1.44908E+01 9.07428E+00 2.13050E-02 
8.18865E+02 5.18909E-04 2.72042E+00 5.41704E-01 4.02882E+01 3.38688E+02 1.39777E+03 2.18575E+00 1.46554E+01 9.17724E+00 2.15467E-02 
8.37939E+02 5.24824E-04 2.75121E+00 5.47882E-01 4.07784E+01 3.42522E+02 1.41614E+03 2.21243E+00 1.48219E+01 9.28143E+00 2.17913E-02 
8.57457E+02 5.30809E-04 2.78237E+00 5.54133E-01 4.12741E+01 3.46402E+02 1.43471E+03 2.23940E+00 1.49903E+01 9.38685E+00 2.20388E-02 
8.77430E+02 5.36865E-04 2.81390E+00 5.60458E-01 4.17752E+01 3.50328E+02 1.45348E+03 2.26667E+00 1.51608E+01 9.49352E+00 2.22893E-02 
8.97868E+02 5.42992E-04 2.84580E+00 5.66858E-01 4.22819E+01 3.54300E+02 1.47244E+03 2.29424E+00 1.53333E+01 9.60145E+00 2.25427E-02 
9.18782E+02 5.49191E-04 2.87808E+00 5.73332E-01 4.27942E+01 3.58319E+02 1.49161E+03 2.32211E+00 1.55078E+01 9.71065E+00 2.27991E-02 
9.40183E+02 5.55462E-04 2.91074E+00 5.79883E-01 4.33122E+01 3.62386E+02 1.51098E+03 2.35030E+00 1.56844E+01 9.82115E+00 2.30585E-02 
9.62083E+02 5.61808E-04 2.94379E+00 5.86511E-01 4.38360E+01 3.66502E+02 1.53056E+03 2.37879E+00 1.58631E+01 9.93295E+00 2.33210E-02 
9.84493E+02 5.68228E-04 2.97723E+00 5.93217E-01 4.43657E+01 3.70666E+02 1.55035E+03 2.40761E+00 1.60438E+01 1.00461E+01 2.35866E-02 
1.00742E+03 5.74724E-04 3.01106E+00 6.00001E-01 4.49012E+01 3.74879E+02 1.57035E+03 2.43674E+00 1.62267E+01 1.01605E+01 2.38553E-02 
1.03089E+03 5.81296E-04 3.04530E+00 6.06865E-01 4.54427E+01 3.79142E+02 1.59057E+03 2.46620E+00 1.64118E+01 1.02763E+01 2.41272E-02 
1.05490E+03 5.87945E-04 3.07994E+00 6.13810E-01 4.59902E+01 3.83455E+02 1.61100E+03 2.49598E+00 1.65990E+01 1.03935E+01 2.44023E-02 
1.07947E+03 5.94672E-04 3.11499E+00 6.20836E-01 4.65439E+01 3.87820E+02 1.63165E+03 2.52610E+00 1.67885E+01 1.05121E+01 2.46806E-02 
1.10462E+03 6.01478E-04 3.15046E+00 6.27945E-01 4.71037E+01 3.92236E+02 1.65253E+03 2.55656E+00 1.69802E+01 1.06320E+01 2.49622E-02 
1.13035E+03 6.08364E-04 3.18634E+00 6.35136E-01 4.76699E+01 3.96704E+02 1.67363E+03 2.58735E+00 1.71741E+01 1.07534E+01 2.52472E-02 
1.15668E+03 6.15331E-04 3.22264E+00 6.42413E-01 4.82423E+01 4.01224E+02 1.69496E+03 2.61849E+00 1.73703E+01 1.08762E+01 2.55354E-02 
1.18362E+03 6.22380E-04 3.25938E+00 6.49774E-01 4.88212E+01 4.05798E+02 1.71651E+03 2.64997E+00 1.75688E+01 1.10004E+01 2.58271E-02 
1.21119E+03 6.29511E-04 3.29654E+00 6.57222E-01 4.94065E+01 4.10426E+02 1.73830E+03 2.68181E+00 1.77697E+01 1.11261E+01 2.61222E-02 
1.23940E+03 6.36725E-04 3.33415E+00 6.64757E-01 4.99984E+01 4.15109E+02 1.76033E+03 2.71401E+00 1.79729E+01 1.12532E+01 2.64208E-02 
